b,alpha
5.372503171016342,0.0029237970432990684
5.372503171016342,0.005847560044391847
5.372503171016342,0.00877126506175906
5.372503171016342,0.011694888158153421
5.372503171016342,0.014618405402843836
5.372503171016342,0.0175417928732182
5.372503171016342,0.020465026657217496
5.372503171016342,0.023388082854940116
5.372503171016342,0.026310937580983185
5.372503171016342,0.029233566966440826
5.372503171016342,0.032155947160672285
5.372503171016342,0.035078054333510855
5.372503171016342,0.03799986467720478
5.372503171016342,0.040921354408453875
5.372503171016342,0.04384249977032945
5.372503171016342,0.04676327703432045
5.372503171016342,0.04968366250238203
5.372503171016342,0.052603632508730146
5.372503171016342,0.05552316342207359
5.372503171016342,0.05844223164735345
5.372503171016342,0.06136081362786916
5.372503171016342,0.06427888584716922
5.372503171016342,0.06719642483100663
5.372503171016342,0.07011340714931379
5.372503171016342,0.07302980941815523
5.372503171016342,0.07594560830159928
5.372503171016342,0.0788607805137441
5.372503171016342,0.08177530282052342
5.372503171016342,0.08468915204173577
5.372503171016342,0.0876023050528421
5.372503171016342,0.09051473878696331
5.372503171016342,0.09342643023669707
5.372503171016342,0.09633735645600525
5.372503171016342,0.09924749456213387
5.372503171016342,0.10215682173740326
5.372503171016342,0.10506531523111381
5.372503171016342,0.10797295236136507
5.372503171016342,0.11087971051688557
5.372503171016342,0.11378556715885872
5.372503171016342,0.11669049982273326
5.372503171016342,0.1195944861200127
5.372503171016342,0.1224975037400736
5.372503171016342,0.12539953045188437
5.372503171016342,0.12830054410584496
5.372503171016342,0.13120052263546442
5.372503171016342,0.13409944405916466
5.372503171016342,0.13699728648198684
5.372503171016342,0.13989402809728346
5.372503171016342,0.1427896471884645
5.372503171016342,0.14568412213066048
5.372503171016342,0.1485774313924177
5.372503171016342,0.1514695535373494
5.372503171016342,0.154360467225798
5.372503171016342,0.15725015121645328
5.372503171016342,0.1601385843680213
5.372503171016342,0.1630257456407854
5.372503171016342,0.16591161409823044
5.372503171016342,0.16879616890861282
5.372503171016342,0.17167938934653526
5.372503171016342,0.1745612547945031
5.372503171016342,0.17744174474444793
5.372503171016342,0.18032083879926672
5.372503171016342,0.18319851667432657
5.372503171016342,0.18607475819894265
5.372503171016342,0.18894954331788227
5.372503171016342,0.19182285209280225
5.372503171016342,0.19469466470371452
5.372503171016342,0.19756496145040267
5.372503171016342,0.20043372275385013
5.372503171016342,0.20330092915762965
5.372503171016342,0.20616656132928243
5.372503171016342,0.20903060006171434
5.372503171016342,0.21189302627450002
5.372503171016342,0.2147538210152554
5.372503171016342,0.2176129654609494
5.372503171016342,0.22047044091918888
5.372503171016342,0.2233262288295125
5.372503171016342,0.22618031076467393
5.372503171016342,0.22903266843186562
5.372503171016342,0.23188328367398173
5.372503171016342,0.23473213847081734
5.372503171016342,0.23757921494027354
5.372503171016342,0.24042449533955607
5.372503171016342,0.24326796206631196
5.372503171016342,0.246109597659822
5.372503171016342,0.24894938480208523
5.372503171016342,0.2517873063189879
5.372503171016342,0.25462334518136037
5.372503171016342,0.2574574845060783
5.372503171016342,0.26028970755712644
5.372503171016342,0.26311999774664335
5.372503171016342,0.26594833863595607
5.372503171016342,0.2687747139365942
5.372503171016342,0.27159910751127886
5.372503171016342,0.2744215033749118
5.372503171016342,0.2772418856955356
5.372503171016342,0.2800602387952742
5.372503171016342,0.2828765471512684
5.372503171016342,0.28569079539658354
5.372503171016342,0.28850296832110167
5.372503171016342,0.2913130508724066
5.372503171016342,0.2941210281566402
5.372503171016342,0.29692688543934936
5.372503171016342,0.29973060814630437
5.372503171016342,0.3025321818643221
5.372503171016342,0.30533159234205365
5.372503171016342,0.3081288254907595
5.372503171016342,0.3109238673850787
5.372503171016342,0.3137167042637598
5.372503171016342,0.3165073225304096
5.372503171016342,0.3192957087541807
5.372503171016342,0.3220818496704892
5.372503171016342,0.32486573218168324
5.372503171016342,0.32764734335770596
5.372503171016342,0.330426670436748
5.372503171016342,0.3332037008258821
5.372503171016342,0.3359784221016702
5.372503171016342,0.33875082201078055
5.372503171016342,0.34152088847055156
5.372503171016342,0.34428860956957946
5.372503171016342,0.3470539735682782
5.372503171016342,0.3498169688993912
5.372503171016342,0.3525775841685563
5.372503171016342,0.35533580815478216
5.372503171016342,0.3580916298109647
5.372503171016342,0.3608450382643652
5.372503171016342,0.3635960228170694
5.372503171016342,0.3663445729464555
5.372503171016342,0.3690906783056145
5.372503171016342,0.37183432872379746
5.372503171016342,0.3745755142068086
5.372503171016342,0.3773142249374147
5.372503171016342,0.3800504512757281
5.372503171016342,0.38278418375957635
5.372503171016342,0.3855154131048568
5.372503171016342,0.3882441302059049
5.372503171016342,0.3909703261357936
5.372503171016342,0.39369399214668305
5.372503171016342,0.39641511967011334
5.372503171016342,0.3991337003173152
5.372503171016342,0.4018497258794782
5.372503171016342,0.4045631883280388
5.372503171016342,0.4072740798149344
5.372503171016342,0.40998239267286074
5.372503171016342,0.412688119415504
5.372503171016342,0.41539125273777555
5.372503171016342,0.418091785516028
5.372503171016342,0.4207897108082656
5.372503171016342,0.42348502185433834
5.372503171016342,0.4261777120761344
5.372503171016342,0.42886777507775736
5.372503171016342,0.4315552046456899
5.372503171016342,0.43423999474896396
5.372503171016342,0.4369221395392995
5.372503171016342,0.43960163335125474
5.372503171016342,0.4422784707023581
5.372503171016342,0.4449526462932295
5.372503171016342,0.44762415500770275
5.372503171016342,0.45029299191292665
5.372503171016342,0.4529591522594762
5.372503171016342,0.4556226314814435
5.372503171016342,0.4582834251965171
5.372503171016342,0.46094152920607495
5.372503171016342,0.46359693949525466
5.372503171016342,0.466249652233009
5.372503171016342,0.4688996637721871
5.372503171016342,0.4715469706495772
5.372503171016342,0.47419156958595804
5.372503171016342,0.4768334574861498
5.372503171016342,0.479472631439047
5.372503171016342,0.4821090887176583
5.372503171016342,0.48474282677913844
5.372503171016342,0.4873738432648094
5.372503171016342,0.4900021360001915
5.372503171016342,0.49262770299501385
5.372503171016342,0.49525054244323613
5.372503171016342,0.4978706527230624
5.372503171016342,0.5004880323969468
5.386092282848956,0.5031026802116066
5.386092282848956,0.5057145950980206
5.386092282848956,0.5083237761714448
5.386092282848956,0.5109302227314021
5.386092282848956,0.5135339342616911
5.386092282848956,0.5161349104303801
5.386092282848956,0.5187331510898188
5.386092282848956,0.5213286562766205
5.386092282848956,0.5239214262116734
5.386092282848956,0.5265114613001386
5.386092282848956,0.5290987621314417
5.386092282848956,0.5316833294792838
5.386092282848956,0.5342651643016382
5.386092282848956,0.5368442677407543
5.386092282848956,0.5394206411231629
5.386092282848956,0.5419942859596839
5.386092282848956,0.5445652039454397
5.386092282848956,0.5471333969598593
5.386092282848956,0.5496988670667061
5.386092282848956,0.5522616165140856
5.386092282848956,0.5548216477344762
5.386092282848956,0.5573789633447566
5.386092282848956,0.5599335661462332
5.386092282848956,0.5624854591246786
5.386092282848956,0.5650346454503771
5.386092282848956,0.5675811284781686
5.386092282848956,0.5701249117475008
5.386092282848956,0.5726659989824937
5.386092282848956,0.5752043940920005
5.386092282848956,0.5777401011696879
5.386092282848956,0.5802731244941076
5.386092282848956,0.5828034685287922
5.386092282848956,0.5853311379223475
5.386092282848956,0.5878561375085596
5.386092282848956,0.5903784723065096
5.386092282848956,0.5928981475206931
5.386092282848956,0.5954151685411554
5.386092282848956,0.5979295409436333
5.386092282848956,0.6004412704897076
5.386092282848956,0.6029503631269705
5.386092282848956,0.6054568249891972
5.386092282848956,0.6079606623965339
5.386092282848956,0.6104618818556946
5.386092282848956,0.6129604900601792
5.386092282848956,0.6154564938904881
5.386092282848956,0.6179499004143688
5.386092282848956,0.6204407168870615
5.386092282848956,0.6229289507515666
5.386092282848956,0.6254146096389269
5.386092282848956,0.6278977013685202
5.386092282848956,0.6303782339483712
5.386092282848956,0.6328562155754799
5.386092282848956,0.635331654636163
5.386092282848956,0.6378045597064186
5.386092282848956,0.6402749395522992
5.386092282848956,0.6427428031303107
5.386092282848956,0.6452081595878271
5.386092282848956,0.6476710182635249
5.386092282848956,0.6501313886878339
5.386092282848956,0.6525892805834113
5.386092282848956,0.6550447038656373
5.386092282848956,0.6574976686431281
5.386092282848956,0.6599481852182728
5.386092282848956,0.6623962640877941
5.386092282848956,0.6648419159433255
5.386092282848956,0.6672851516720234
5.386092282848956,0.6697259823571875
5.386092282848956,0.6721644192789219
5.386092282848956,0.6746004739148106
5.386092282848956,0.6770341579406222
5.386092282848956,0.6794654832310406
5.386092282848956,0.6818944618604231
5.386092282848956,0.6843211061035885
5.386092282848956,0.6867454284366283
5.386092282848956,0.6891674415377513
5.386092282848956,0.6915871582881584
5.386092282848956,0.6940045917729423
5.386092282848956,0.6964197552820252
5.386092282848956,0.6988326623111275
5.386092282848956,0.7012433265627602
5.386092282848956,0.703651761947268
5.386092282848956,0.7060579825838865
5.386092282848956,0.7084620028018518
5.386092282848956,0.7108638371415354
5.386092282848956,0.7132635003556199
5.386092282848956,0.715661007410311
5.386092282848956,0.7180563734865893
5.386092282848956,0.7204496139814992
5.386092282848956,0.7228407445094838
5.386092282848956,0.7252297809037485
5.386092282848956,0.7276167392176832
5.386092282848956,0.7300016357263156
5.386092282848956,0.7323844869278112
5.386092282848956,0.7347653095450233
5.386092282848956,0.7371441205270819
5.386092282848956,0.739520937051036
5.386092282848956,0.7418957765235402
5.386092282848956,0.7442686565825938
5.386092282848956,0.7466395950993283
5.386092282848956,0.7490086101798475
5.4,0.7513757201671221
5.4,0.7537409436429366
5.4,0.7561042994298901
5.4,0.7584658065934616
5.4,0.7608254844441243
5.4,0.7631833525395245
5.4,0.7655394306867208
5.4,0.7678937389444862
5.4,0.7702462976256732
5.4,0.7725971272996445
5.4,0.7749462487947697
5.4,0.7772936832009973
5.4,0.779639451872485
5.4,0.7819835764303127
5.4,0.7843260787652658
5.4,0.7866669810406933
5.4,0.7890063056954436
5.4,0.7913440754468789
5.4,0.7936803132939745
5.4,0.7960150425204967
5.4,0.7983482866982724
5.4,0.8006800696905352
5.4,0.8030104156553775
5.4,0.8053393490492754
5.4,0.8076668946307279
5.4,0.8099930774639762
5.4,0.8123179229228321
5.4,0.8146414566946029
5.4,0.8169637047841248
5.4,0.8192846935179016
5.4,0.8216044495483512
5.4,0.823922999858168
5.4,0.8262403717647989
5.4,0.8285565929250397
5.4,0.8308716913397521
5.4,0.8331856953587061
5.4,0.8354986336855496
5.4,0.8378105353829133
5.4,0.8401214298776495
5.4,0.8424313469662047
5.4,0.8447403168201464
5.4,0.8470483699918249
5.4,0.8493555374201954
5.4,0.8516618504367874
5.4,0.8539673407718403
5.4,0.8562720405605966
5.4,0.8585759823497696
5.4,0.8608791991041788
5.4,0.8631817242135676
5.4,0.8654835914996011
5.4,0.8677848352230544
5.4,0.8700854900911933
5.4,0.872385591265356
5.4,0.8746851743687386
5.4,0.8769842754943934
5.4,0.8792829312134433
5.4,0.8815811785835199
5.4,0.8838790551574356
5.4,0.8861765989920894
5.4,0.8884738486576177
5.4,0.8907708432468019
5.4,0.8930676223847286
5.414212955091157,0.8953642262387238
5.414212955091157,0.8976606955285595
5.414212955091157,0.8999570715369464
5.414212955091157,0.9022533961203199
5.414212955091157,0.904549711719928
5.414212955091157,0.9068460613732313
5.414212955091157,0.9091424887256266
5.414212955091157,0.9114390380425026
5.414212955091157,0.9137357542216331
5.414212955091157,0.9160326828059354
5.414212955091157,0.9183298699965814
5.414212955091157,0.9206273626664957
5.414212955091157,0.922925208374239
5.414212955091157,0.9252234553782934
5.414212955091157,0.9275221526517671
5.414212955091157,0.9298213498975264
5.414212955091157,0.9321210975637713
5.414212955091157,0.9344214468600727
5.414212955091157,0.9367224497738827
5.414212955091157,0.9390241590875352
5.414212955091157,0.9413266283957579
5.414212955091157,0.9436299121237053
5.414212955091157,0.9459340655455374
5.414212955091157,0.9482391448035632
5.414212955091157,0.9505452069279618
5.414212955091157,0.9528523098571119
5.414212955091157,0.9551605124585434
5.414212955091157,0.9574698745505336
5.414212955091157,0.9597804569243801
5.414212955091157,0.9620923213673618
5.414212955091157,0.9644055306864249
5.414212955091157,0.9667201487326115
5.414212955091157,0.9690362404262663
5.414212955091157,0.9713538717830421
5.414212955091157,0.973673109940742
5.414212955091157,0.9759940231870226
5.414212955091157,0.978316680987998
5.414212955091157,0.9806411540177721
5.414212955091157,0.9829675141889394
5.414212955091157,0.9852958346840904
5.414212955091157,0.9876261899883608
5.414212955091157,0.9899586559230645
5.414212955091157,0.992293309680454
5.428718527284763,0.9946302298596549
5.428718527284763,0.9969694965038151
5.428718527284763,0.9993111911385265
5.428718527284763,1.0016553968115622
5.428718527284763,1.0040021981339897
5.428718527284763,1.0063516813227102
5.428718527284763,1.00870393424449
5.428718527284763,1.0110590464615372
5.428718527284763,1.0134171092787
5.428718527284763,1.0157782157923425
5.428718527284763,1.0181424609409784
5.428718527284763,1.020509941557734
5.428718527284763,1.0228807564247184
5.428718527284763,1.0252550063293882
5.428718527284763,1.0276327941229868
5.428718527284763,1.0300142247811568
5.428718527284763,1.0323994054668157
5.428718527284763,1.0347884455954
5.428718527284763,1.0371814569025832
5.428718527284763,1.0395785535145772
5.428718527284763,1.0419798520211396
5.428718527284763,1.044385471551406
5.428718527284763,1.0467955338526824
5.428718527284763,1.0492101633723334
5.428718527284763,1.051629487342912
5.428718527284763,1.054053635870685
5.428718527284763,1.0564827420277152
5.428718527284763,1.0589169419476732
5.428718527284763,1.061356374925556
5.428718527284763,1.0638011835215058
5.428718527284763,1.066251513668933
5.428718527284763,1.0687075147871474
5.443504790388732,1.0711693398987374
5.443504790388732,1.0736371457519205
5.443504790388732,1.0761110929481315
5.443504790388732,1.078591346075107
5.443504790388732,1.0810780738457533
5.443504790388732,1.0835714492430994
5.443504790388732,1.086071649671652
5.443504790388732,1.0885788571154928
5.443504790388732,1.0910932583034767
5.443504790388732,1.0936150448819115
5.443504790388732,1.0961444135951288
5.443504790388732,1.0986815664743714
5.443504790388732,1.1012267110354617
5.443504790388732,1.1037800604857346
5.443504790388732,1.1063418339407578
5.443504790388732,1.1089122566513923
5.443504790388732,1.1114915602417814
5.443504790388732,1.1140799829588999
5.443504790388732,1.1166777699343347
5.443504790388732,1.1192851734590104
5.443504790388732,1.1219024532716293
5.443504790388732,1.1245298768616414
5.443504790388732,1.1271677197876184
5.458560465263821,1.1298162660119715
5.458560465263821,1.132475808253007
5.458560465263821,1.135146648355402
5.458560465263821,1.137829097680242
5.458560465263821,1.1405234775158566
5.458560465263821,1.1432301195107752
5.458560465263821,1.1459493661302274
5.458560465263821,1.1486815711377028
5.458560465263821,1.1514271001032237
5.458560465263821,1.154186330940084
5.458560465263821,1.1569596544719591
5.458560465263821,1.159747475032427
5.458560465263821,1.162550211099109
5.458560465263821,1.1653682959647997
5.458560465263821,1.168202178448156
5.458560465263821,1.1710523236467094
5.458560465263821,1.1739192137351948
5.473874876120233,1.176803348812427
5.473874876120233,1.179705247800226
5.473874876120233,1.1826254493981774
5.473874876120233,1.1855645130983312
5.473874876120233,1.188523020264287
5.473874876120233,1.1915015752794877
5.473874876120233,1.1945008067699678
5.473874876120233,1.197521368907233
5.473874876120233,1.2005639427974628
5.473874876120233,1.2036292379637594
5.473874876120233,1.2067179939287584
5.473874876120233,1.2098309819055728
5.473874876120233,1.2129690066057512
5.473874876120233,1.2161329081737209
5.489437910335499,1.2193235642580336
5.489437910335499,1.222541892230691
5.489437910335499,1.22578885156685
5.489437910335499,1.2290654463983495
5.489437910335499,1.232372728255745
5.489437910335499,1.2357117990149105
5.489437910335499,1.2390838140657556
5.489437910335499,1.2424899857222629
5.489437910335499,1.2459315868948313
5.489437910335499,1.2494099550478912
5.505239981465034,1.2529264964678872
5.505239981465034,1.2564826908690623
5.505239981465034,1.2600800963670116
5.505239981465034,1.2637203548527014
5.505239981465034,1.2674051978026104
5.505239981465034,1.2711364525637996
5.505239981465034,1.2749160491560692
5.505239981465034,1.2787460276369087
5.52127199515152,1.282628546078604
5.52127199515152,1.2865658892106366
5.52127199515152,1.2905604777842625
5.52127199515152,1.2946148787197784
5.52127199515152,1.2987318161003087
5.52127199515152,1.3029141830786897
5.52127199515152,1.3071650547658855
5.537525317669944,1.3114877021698255
5.537525317669944,1.3158856072519995
5.537525317669944,1.3203624791647002
5.537525317669944,1.3249222717233007
5.537525317669944,1.3295692021538619
5.5539917468721836,1.3343077711346216
5.5539917468721836,1.3391427841177843
5.5539917468721836,1.344079373871947
5.5539917468721836,1.349123024120736
5.570663485319021,1.354279594063633
5.570663485319021,1.359555343442571
5.570663485319021,1.3649569576523568
5.570663485319021,1.370491572171174
5.587533115408756,1.3761667952926906
5.587533115408756,1.3819907277529377
5.587533115408756,1.3879719773378756
5.604593576330416,1.3941196659015316
5.604593576330416,1.40044342538584
5.604593576330416,1.4069533783759987
5.621838142686438,1.413660097416034
5.621838142686438,1.4205745357263304
5.639260404644602,1.4277079201124807
5.639260404644602,1.4350715947880446
5.656854249492381,1.4426768026961183
5.656854249492381,1.4505343889915339
5.674613844478814,1.4586544101349839
5.674613844478814,1.4670456323434182
5.692533620839691,1.4757149060909598
5.710608258911391,1.4846664104878342
5.72883267424733,1.4939007744502673
5.747202004658697,1.5034141022288794
5.747202004658697,1.5131969597637316
5.76571159810809,1.5232334139857657
5.7843570013909265,1.5335002544434293
5.803133949545162,1.5439665556459263
5.841066302958352,1.5545937452614649
5.860214033333896,1.5653363130970384
5.879477941923518,1.5761432200769656
5.898854568054189,1.5869599509765753
5.918340588302513,1.5977310240057645
5.957628163399705,1.6084026632465809
5.977423698564871,1.618925294526385
5.997316576807412,1.6292555603773455
6.037383539249433,1.639357654165682
6.05755246214865,1.6492039112379449
6.077808396285686,1.6587747228292298
6.098148991005783,1.6680579249895608
6.139075178528037,1.6770478494042211
6.159656477802014,1.6857442137029492
6.180313843617286,1.6941509929302556
6.201045312119802,1.702275368671425
6.221848986958278,1.710126810209081
6.2636656905427905,1.7177163091945462
6.284675238796581,1.7250557670559707
6.305750027322654,1.7321575214024043
6.326888456726548,1.739033991653096
6.3480889798152775,1.7456974226515625
6.36935009947288,1.7521597061987688
6.390670366639382,1.7584322629058493
6.390670366639382,1.7645259696645923
6.412048378387336,1.7704511208727298
6.43348277609042,1.7762174140879539
6.454972243679028,1.7818339529286364
6.476515505978007,1.7873092617848976
6.498111327122069,1.792651308287566
6.498111327122069,1.7978675305580405
6.519758509044654,1.802964867084876
6.5414558900362785,1.8079497876944544
6.56320234336867,1.8128283245474544
6.56320234336867,1.8176061024362278
6.584996775981181,1.8222883679096453
6.60683812722622,1.826880016934129
6.60683812722622,1.8313856209299941
6.62872536767062,1.8358094511142016
6.650657497950015,1.84015550114431
6.650657497950015,1.8444275081013815
6.672633547673547,1.8486289718775324
6.672633547673547,1.8527631730509186
6.6946525743762875,1.856833189340348
6.716713662516992,1.8608419107356937
6.716713662516992,1.864792053400537
6.738815922518881,1.8686861724412134
6.738815922518881,1.872526673632553
6.760958489851312,1.8763158241857558
6.760958489851312,1.8800557626384307
6.783140524150327,1.8837485079412197
6.783140524150327,1.8873959678098076
6.8053612083761275,1.8909999464056424
6.8053612083761275,1.894562151403458
6.827619748005718,1.89808420049874
6.827619748005718,1.9015676274036646
6.849915370258974,1.9050138873757514
6.849915370258974,1.908424362319517
6.872247323356552,1.9118003654977946
6.872247323356552,1.9151431458860668
6.894614875808096,1.9184538922001324
6.894614875808096,1.9217337366246707
6.917017315729323,1.9249837582677745
6.917017315729323,1.928204986364237
6.9394539501866115,1.931398403248335
6.9394539501866115,1.934564947114968
6.9394539501866115,1.937705514586335
6.961924104567805,1.9408209630997928
6.961924104567805,1.9439121131311519
6.984427121978023,1.9469797502664177
6.984427121978023,1.950024627133836
6.984427121978023,1.9530474652070837
7.006962362659309,1.956048956489496
7.006962362659309,1.9590297650883879
7.02952920343303,1.9619905286877501
7.02952920343303,1.964931859926908
7.02952920343303,1.967854347692088
7.052127037163987,1.9707585583272709
7.052127037163987,1.9736450367701854
7.052127037163987,1.9765143076188076
7.074755272245264,1.9793668761333136
7.074755272245264,1.9822032291780256
7.0974133321028585,1.9850238361075352
7.0974133321028585,1.9878291496008573
7.0974133321028585,1.9906196064471713
7.120100654719239,1.99339562828642
7.120100654719239,1.9961576223078024
7.120100654719239,1.9989059819089492
7.142816692174961,2.001641087318375
7.142816692174961,2.004363306183592
7.142816692174961,2.0070729941271104
7.16556091020757,2.00977049527237
7.16556091020757,2.012456142741514
7.16556091020757,2.0151302591267717
7.188332787787016,2.017793156937085
7.188332787787016,2.0204451390215077
7.188332787787016,2.023086498970801
7.2111318167068665,2.0257175214985277
7.2111318167068665,2.028338482802894
7.2111318167068665,2.0309496509104634
7.2111318167068665,2.0335512860028246
7.233957501190635,2.0361436407271967
7.233957501190635,2.0387269604919087
7.233957501190635,2.041301483747613
7.256809357512574,2.0438674422550474
7.256809357512574,2.0464250613401065
7.256809357512574,2.0489745601369203
7.279686913632313,2.0515161518196137
7.279686913632313,2.0540500438233655
7.279686913632313,2.056576438055347
7.279686913632313,2.059095531096084
7.302589708842761,2.061607514391766
7.302589708842761,2.0641125744379663
7.302589708842761,2.0666108929552394
7.325517293430696,2.0691026470570093
7.325517293430696,2.0715880094101573
7.325517293430696,2.0740671483886723
7.325517293430696,2.0765402282207295
7.3484692283495345,2.0790074091295194
7.3484692283495345,2.0814688474681473
7.3484692283495345,2.0839246958488906
7.3484692283495345,2.086375103267104
7.371445084903743,2.0888202152200197
7.371445084903743,2.091260173820703
7.371445084903743,2.093695117907391
7.371445084903743,2.0961251831484344
7.394444444444445,2.0985505021430555
7.394444444444445,2.100971204518114
7.394444444444445,2.1033874170210707
7.417466898075722,2.1057992636093257
7.417466898075722,2.108206865536099
7.417466898075722,2.110610341433001
7.417466898075722,2.1130098073894628
7.440512046371212,2.1154053770291505
7.440512046371212,2.1177971615835034
7.440512046371212,2.120185269962529
7.440512046371212,2.122569808822968
7.440512046371212,2.12495088263395
7.463579499100545,2.1273285937402444
7.463579499100545,2.1297030424232184
7.463579499100545,2.1320743269595863
7.463579499100545,2.1344425436780585
7.486668874965254,2.1368077870139697
7.486668874965254,2.1391701495619784
7.486668874965254,2.1415297221269065
7.486668874965254,2.1438865937728107
7.509779801343756,2.1462408518703455
7.509779801343756,2.1485925821424976
7.509779801343756,2.1509418687087503
7.509779801343756,2.1532887941277417
7.532911914045053,2.155633439438485
7.532911914045053,2.157975884200199
7.532911914045053,2.1603162065308052
7.532911914045053,2.162654483144149
7.532911914045053,2.1649907893859908
7.5560648570707984,2.167325199268812
7.5560648570707984,2.169657785505488
7.5560648570707984,2.1719886195418656
7.5560648570707984,2.174317771588292
7.5560648570707984,2.1766453106501276
7.579238282385406,2.17897130455729
7.579238282385406,2.181295819992854
7.579238282385406,2.183618922520756
7.579238282385406,2.185940676612623
7.602431849693871,2.1882611456737653
7.602431849693871,2.190580392068365
7.602431849693871,2.1928984771438778
7.602431849693871,2.1952154612546964
7.602431849693871,2.1975314037850784
7.625645226227029,2.1998463631713867
7.625645226227029,2.2021603969236474
7.625645226227029,2.2044735616464646
7.625645226227029,2.2067859130593064
7.625645226227029,2.2090975060161817
7.648878086533931,2.2114083945247396
7.648878086533931,2.2137186317647966
7.648878086533931,2.2160282701063236
7.648878086533931,2.2183373611269053
7.648878086533931,2.2206459556286866
7.672130112281081,2.2229541036548337
7.672130112281081,2.2252618545055114
7.672130112281081,2.2275692567534056
7.672130112281081,2.2298763582587986
7.672130112281081,2.2321832061842155
7.695400992058271,2.2344898470086525
7.695400992058271,2.2367963265414037
7.695400992058271,2.239102689935493
7.695400992058271,2.2414089817007348
7.695400992058271,2.2437152457164276
7.695400992058271,2.246021525243687
7.718690421190749,2.2483278629374444
7.718690421190749,2.25063430085811
7.718690421190749,2.2529408804829067
7.718690421190749,2.255247642716907
7.718690421190749,2.25755462790375
7.74199810155749,2.259861875836082
7.74199810155749,2.262169425765695
7.74199810155749,2.2644773164134064
7.74199810155749,2.266785585978661
7.74199810155749,2.269094272148873
7.765323741415342,2.271403412108522
7.765323741415342,2.273713042547997
7.765323741415342,2.276023199672216
7.765323741415342,2.2783339192089977
7.765323741415342,2.2806452364172216
7.765323741415342,2.282957186094771
7.7886670552288155,2.2852698025862574
7.7886670552288155,2.287583119790549
7.7886670552288155,2.289897171168092
7.7886670552288155,2.292211989748043
7.7886670552288155,2.294527608135214
7.7886670552288155,2.2968440585168346
7.81202776350531,2.2991613726691287
7.81202776350531,2.3014795819637333
7.81202776350531,2.3037987173739367
7.81202776350531,2.3061188094807554
7.81202776350531,2.308439888478862
7.81202776350531,2.3107619841823426
7.835405592635583,2.3130851260303187
7.835405592635583,2.315409343092413
7.835405592635583,2.3177346640740772
7.835405592635583,2.3200611173217793
7.835405592635583,2.3223887308280586
7.835405592635583,2.3247175322364466
7.858800274739253,2.3270475488462585
7.858800274739253,2.3293788076172675
7.858800274739253,2.331711335174248
7.858800274739253,2.3340451578114085
7.858800274739253,2.336380301496704
7.858800274739253,2.3387167918760423
7.8822115475151655,2.3410546542773707
7.8822115475151655,2.3433939137146695
7.8822115475151655,2.3457345948918316
7.8822115475151655,2.348076722206442
7.8822115475151655,2.350420319753464
7.8822115475151655,2.3527654113288246
7.8822115475151655,2.355112020432908
7.905639154096436,2.3574601702739555
7.905639154096436,2.359809883771378
7.905639154096436,2.362161183558983
7.905639154096436,2.3645140919881125
7.905639154096436,2.3668686311307
7.905639154096436,2.3692248227822494
7.92908284291,2.3715826884647333
7.92908284291,2.373942249429408
7.92908284291,2.376303526659566
7.92908284291,2.378666540873204
7.92908284291,2.381031312525627
7.92908284291,2.383397861811974
7.92908284291,2.38576620866969
7.952542367540514,2.3881363727809095
7.952542367540514,2.390508373574801
7.952542367540514,2.3928822302298256
7.952542367540514,2.395257961675945
7.952542367540514,2.3976355865967727
7.952542367540514,2.4000151234316482
7.952542367540514,2.402396590377677
7.976017486598439,2.404780005391699
7.976017486598439,2.4071653861922013
7.976017486598439,2.4095527502611898
7.976017486598439,2.4119421148459916
7.976017486598439,2.41433349696102
7.976017486598439,2.41672691338948
7.976017486598439,2.4191223806850353
7.9995079635921655,2.42151991517341
7.9995079635921655,2.4239195329539642
7.9995079635921655,2.4263212499012083
7.9995079635921655,2.428725081666283
7.9995079635921655,2.4311310436783846
7.9995079635921655,2.433539151146162
7.9995079635921655,2.4359494190590576
8.02301356680404,2.4383618621886174
8.02301356680404,2.4407764950897586
8.02301356680404,2.443193332101996
8.02301356680404,2.4456123873506366
8.02301356680404,2.448033674747925
8.02301356680404,2.4504572079941704
8.02301356680404,2.4528830005788227
8.02301356680404,2.45531106578152
8.046534069170141,2.4577414166731035
8.046534069170141,2.460174066116599
8.046534069170141,2.462609026768164
8.046534069170141,2.465046311078008
8.046534069170141,2.4674859312912716
8.046534069170141,2.4699278994488925
8.046534069170141,2.4723722273884263
8.046534069170141,2.474818926744848
8.070069248163678,2.4772680089513237
8.070069248163678,2.479719485239951
8.070069248163678,2.4821733666424795
8.070069248163678,2.484629663991001
8.070069248163678,2.487088387918617
8.070069248163678,2.48954954886008
8.070069248163678,2.492013157052406
8.070069248163678,2.4944792225354773
8.093618885681897,2.496947755152609
8.093618885681897,2.4994187645510983
8.093618885681897,2.501892260182752
8.093618885681897,2.5043682513043968
8.093618885681897,2.5068467469783586
8.093618885681897,2.5093277560729335
8.093618885681897,2.5118112872628346
8.093618885681897,2.514297349029615
8.117182767936354,2.5167859496620815
8.117182767936354,2.5192770972566834
8.117182767936354,2.521770799717892
8.117182767936354,2.524267064758548
8.117182767936354,2.5267658999002087
8.117182767936354,2.5292673124734737
8.117182767936354,2.531771309618289
8.117182767936354,2.534277898284246
8.117182767936354,2.536787085230861
8.140760685346454,2.5392988770278397
8.140760685346454,2.541813280055328
8.140760685346454,2.5443303005041553
8.140760685346454,2.5468499443760564
8.140760685346454,2.54937221748389
8.140760685346454,2.5518971254518377
8.140760685346454,2.554424673715597
8.140760685346454,2.5569548675225597
8.140760685346454,2.5594877119319834
8.164352432436123,2.562023211815147
8.164352432436123,2.564561371855508
8.164352432436123,2.567102196548831
8.164352432436123,2.569645690203328
8.164352432436123,2.5721918569397784
8.164352432436123,2.5747407006916436
8.164352432436123,2.577292225205172
8.164352432436123,2.579846434039501
8.164352432436123,2.5824033305667458
8.164352432436123,2.5849629179720877
8.18795780773353,2.587525199253854
8.18795780773353,2.590090177223588
8.18795780773353,2.592657854506119
8.18795780773353,2.5952282335396246
8.18795780773353,2.5978013165756892
8.18795780773353,2.6003771056793528
8.18795780773353,2.6029556027291707
8.18795780773353,2.605536809417246
8.18795780773353,2.608120727249279
8.18795780773353,2.610707357544604
8.21157661367374,2.6132967014362256
8.21157661367374,2.6158887598708533
8.21157661367374,2.61848353360893
8.21157661367374,2.6210810232246664
8.21157661367374,2.623681229106065
8.21157661367374,2.6262841514549464
8.21157661367374,2.6288897902869826
8.21157661367374,2.6314981454317152
8.21157661367374,2.6341092165325852
8.21157661367374,2.6367230030469564
8.235208656504195,2.639339504246144
8.235208656504195,2.6419587192154417
8.235208656504195,2.644580646854151
8.235208656504195,2.647205285875603
8.235208656504195,2.649832634807201
8.235208656504195,2.6524626919904475
8.235208656504195,2.655095455580976
8.235208656504195,2.6577309235486024
8.235208656504195,2.6603690936773474
8.235208656504195,2.6630099635655027
8.235208656504195,2.665653530625654
8.258853746192932,2.6682997920847535
8.258853746192932,2.6709487449841647
8.258853746192932,2.673600386179727
8.258853746192932,2.6762547123418114
8.258853746192932,2.678911719955399
8.258853746192932,2.681571405320156
8.258853746192932,2.6842337645505054
8.258853746192932,2.6868987935757165
8.258853746192932,2.689566488139998
8.258853746192932,2.6922368438025917
8.258853746192932,2.6949098559378837
8.258853746192932,2.697585519735503
8.282511696339462,2.7002638302004582
8.282511696339462,2.7029447821532373
8.282511696339462,2.7056283702299635
8.282511696339462,2.708314588882523
8.282511696339462,2.711003432378716
8.282511696339462,2.7136948948024178
8.282511696339462,2.716388970053735
8.282511696339462,2.7190856518491833
8.282511696339462,2.7217849337218745
8.282511696339462,2.724486809021706
8.282511696339462,2.727191270915556
8.282511696339462,2.7298983123875034
8.282511696339462,2.7326079262390435
8.306182324088187,2.7353201050893254
8.306182324088187,2.7380348413753777
8.306182324088187,2.74075212735238
8.306182324088187,2.7434719550939173
8.306182324088187,2.746194316492249
8.306182324088187,2.748919203258601
8.306182324088187,2.7516466069234577
8.306182324088187,2.754376518836874
8.306182324088187,2.7571089301687874
8.306182324088187,2.7598438319093614
8.306182324088187,2.762581214869315
8.306182324088187,2.765321069680294
8.306182324088187,2.7680633867952285
8.306182324088187,2.7708081564887155
8.329865450044291,2.7735553688574255
8.329865450044291,2.7763050138204943
8.329865450044291,2.7790570811199524
8.329865450044291,2.7818115603211613
8.329865450044291,2.7845684408132487
8.329865450044291,2.7873277118095947
8.329865450044291,2.7900893623482768
8.329865450044291,2.7928533812925886
8.329865450044291,2.7956197573315262
8.329865450044291,2.7983884789803097
8.329865450044291,2.8011595345809224
8.329865450044291,2.803932912302658
8.329865450044291,2.806708600142668
8.329865450044291,2.8094865859265674
8.329865450044291,2.812266857309003
8.329865450044291,2.815049401774267
8.353560898192038,2.817834206636932
8.353560898192038,2.820621259042481
8.353560898192038,2.823410545967959
8.353560898192038,2.8262020542226454
8.353560898192038,2.828995770448741
8.353560898192038,2.8317916811220805
8.353560898192038,2.8345897725528313
8.353560898192038,2.8373900308862328
8.353560898192038,2.8401924421033606
8.353560898192038,2.842996992021879
8.353560898192038,2.8458036662968245
8.353560898192038,2.8486124504214088
8.353560898192038,2.851423329727834
8.353560898192038,2.8542362893881346
8.353560898192038,2.857051314415001
8.353560898192038,2.8598683896626667
8.353560898192038,2.862687499827793
8.353560898192038,2.8655086294503462
8.353560898192038,2.868331762914541
8.37726849581535,2.871156884449749
8.37726849581535,2.873983978131467
8.37726849581535,2.8768130278822692
8.37726849581535,2.8796440174728075
8.37726849581535,2.882476930522797
8.37726849581535,2.88531175050203
8.37726849581535,2.8881484607314385
8.37726849581535,2.890987044384114
8.37726849581535,2.8938274844863954
8.37726849581535,2.8966697639189394
8.37726849581535,2.8995138654178483
8.37726849581535,2.9023597715757594
8.37726849581535,2.9052074648430044
8.37726849581535,2.908056927528751
8.37726849581535,2.910908141802184
8.37726849581535,2.913761089693674
8.37726849581535,2.9166157530959986
8.37726849581535,2.919472113765562
8.37726849581535,2.922330153323633
8.37726849581535,2.925189853257574
8.37726849581535,2.9280511949221615
8.37726849581535,2.9309141595408295
8.37726849581535,2.9337787282069856
8.400988073420656,2.9366448818853486
8.400988073420656,2.9395126014132655
8.400988073420656,2.942381867502077
8.400988073420656,2.9452526607384684
8.400988073420656,2.9481249615858816
8.400988073420656,2.9509987503858977
8.400988073420656,2.953874007359664
8.400988073420656,2.9567507126093058
8.400988073420656,2.9596288461194136
8.400988073420656,2.9625083877584757
8.400988073420656,2.965389317280363
8.400988073420656,2.968271614325828
8.400988073420656,2.9711552584240253
8.400988073420656,2.9740402289940198
8.400988073420656,2.976926505346324
8.400988073420656,2.9798140666844746
8.400988073420656,2.9827028921065875
8.400988073420656,2.98559296060693
8.400988073420656,2.988484251077544
8.400988073420656,2.991376742309836
8.400988073420656,2.9942704129962077
8.400988073420656,2.997165241731724
8.400988073420656,3.000061207015701
8.400988073420656,3.002958287253454
8.400988073420656,3.0058564607578973
8.400988073420656,3.0087557057513
8.400988073420656,3.01165600036696
8.400988073420656,3.0145573226509255
8.400988073420656,3.017459650563729
8.400988073420656,3.0203629619821286
8.400988073420656,3.023267234700853
8.400988073420656,3.026172446434392
8.400988073420656,3.0290785748187496
8.400988073420656,3.0319855974132555
8.400988073420656,3.0348934917023223
8.42471946466186,3.037802235097312
8.42471946466186,3.040711804938333
8.42471946466186,3.043622178496047
8.42471946466186,3.0465333329735507
8.42471946466186,3.049445245508214
8.42471946466186,3.0523578931735247
8.42471946466186,3.055271252980976
8.42471946466186,3.058185301881944
8.42471946466186,3.0611000167695783
8.42471946466186,3.0640153744807215
8.42471946466186,3.0669313517977073
8.42471946466186,3.069847925450458
8.42471946466186,3.072765072118254
8.42471946466186,3.075682768431675
8.42471946466186,3.0786009909746577
8.42471946466186,3.0815197162862917
8.42471946466186,3.084438920862841
8.42471946466186,3.0873585811597217
8.42471946466186,3.090278673593398
8.42471946466186,3.093199174543424
8.42471946466186,3.0961200603543415
8.42471946466186,3.099041307337704
8.42471946466186,3.101962891774076
8.42471946466186,3.104884789914949
8.42471946466186,3.107806977984883
8.42471946466186,3.1107294321832697
8.42471946466186,3.113652128686547
8.42471946466186,3.1165750436501254
8.42471946466186,3.1194981532103996
8.42471946466186,3.1224214334866582
8.42471946466186,3.1253448605833674
8.42471946466186,3.128268410591784
8.42471946466186,3.131192059592349
8.42471946466186,3.13411578365653
8.42471946466186,3.137039558848759
8.42471946466186,3.139963361228271
8.42471946466186,3.140298140326239
