3.942476676500724e-8
0.09022040655881607
0.17903877968604423
0.26518083951365384
0.34760004279094864
0.4255326545622561
0.49850591713069964
0.5663095514762402
0.6289461586479388
0.6865750817253361
0.7394599095467839
0.7879249287707665
0.8323220659915123
0.8730076046174253
0.9103269487541213
0.944605489426082
0.9761438193806089
1.005215885278594
1.0320690207478997
1.056925109256576
1.0799823647084634
1.1014173935960838
1.121387326688366
1.1400318929839823
1.1574753648946419
1.1738283399060188
1.1891893466530663
1.2036462769740703
1.2172776532177783
1.230153744006302
1.2423375432293724
1.253885627200739
1.2648489042521198
1.2752732699601448
1.2852001799374826
1.2946671508157674
1.3037081987887709
1.3123542239142227
1.3206333473122476
1.3285712074533755
1.3361912208967475
1.3435148121120601
1.350561616387403
1.3573496592790764
1.3638955155885437
1.3702144504462936
1.3763205447338138
1.3822268067753027
1.3879452719733365
1.3934870918414037
1.3988626136959306,3.61,3.63
1.4040814521065896,3.59,3.65,3.67,3.72
1.4091525530625688,3.54,3.55,3.57,3.79,3.91,3.92
1.4140842516907441,3.39,3.4,3.49,3.81,3.88,3.96
1.418884324256581,3.24,3.25,3.36,3.44,3.45,3.84,3.86,4.0
1.4235600350877078,3.2,3.27,3.34,4.01
1.428118178981397,3.18,3.29,3.32,4.03,4.06,4.07
1.4325651195889637,3.12,4.03,4.04,4.09
1.4369068242108347,3.11,4.1
1.4411488953845213,3.09,4.11
1.4452965996028566,3.06,4.17
1.4493548934607194,3.04,4.18
1.453328447494284,3.02,4.2
1.4572216679469252,2.99,4.23
1.461038716669707,2.95,4.25
1.4647835293413978,2.92,4.26,4.27,4.29
1.4684598321727493,2.9,4.31
1.4720711572420029,2.88,4.32
1.4756208565929294,2.85,4.33
1.479112115212876,2.83,4.34
1.482547962996093,2.8,4.36
1.4859312857867977,2.76,4.38
1.4892648355868692,2.75,4.43
1.492551240004565,2.73,4.45
1.4957930110131237,2.71,4.47
1.4989925530813957,2.69,4.47
1.5021521707326966,2.66,4.5
1.5052740755827358,2.64,4.51
1.508360392902756,2.62,4.54
1.51141316774976,2.61,4.56
1.514434370701942,2.58,4.61
1.5174259032340387,2.55,4.62
1.5203896027643053,2.53,4.63
1.5233272474021056,2.51,4.64
1.5262405604226834,2.49,4.65,4.66,4.67
1.529131214493515,2.47,4.69
1.5320008356746964,2.44,4.71
1.5348510072140829,2.43,4.73
1.5376832731563441,2.41,4.74
1.540499141783708,2.38,4.77
1.5433000889049302,2.36,4.78
1.546087561007925,2.33,4.81
1.5488629782905146,2.31,4.82,4.83,4.84
1.551627737582891,2.29,4.85
1.5543832151746282,2.28,4.87
1.5571307695584167,2.25,4.89
1.5598717441021224,2.24,4.92
1.5626074696602827,2.2,4.93
1.5653392671357407,2.18,4.94
1.5680684500017852,2.17,4.96
1.5707963267948966,2.14,4.99
1.5735242035880082,2.12,5.0
1.5762533864540524,2.1,5.04
1.5789851839295106,2.09,5.07
1.5817209094876707,2.07,5.08
1.5844618840313767,2.05,5.09
1.587209438415165,2.03,5.1
1.5899649160069023,2.01,5.12
1.5927296752992786,1.99,5.18
1.5955050925818683,1.97,5.19
1.5982925646848631,1.95,5.21
1.6010935118060854,1.93,5.22
1.6039093804334492,1.91,5.23
1.6067416463757105,1.88,5.25,5.28,5.3
1.609591817915097,1.86,5.32
1.6124614390962781,1.84,5.33
1.6153520931671097,1.82,5.35
1.6182654061876878,1.81,5.36
1.621203050825488,1.78,5.38
1.6241667503557546,1.75,5.39,5.4,5.45
1.6271582828878512,1.73,5.46
1.6301794858400331,1.71,5.48
1.6332322606870373,1.7,5.49
1.6363185780070573,1.69,5.51
1.6394404828570968,1.67,5.57
1.6426001005083974,1.64,5.59
1.6457996425766697,1.61,5.6
1.649041413585228,1.6,5.66
1.6523278180029242,1.57,5.68
1.6556613678029954,1.56,5.69
1.6590446905937002,1.54,5.73
1.6624805383769172,1.53,5.76
1.6659717969968637,1.51,5.78
1.6695214963477902,1.48,5.82
1.673132821417044,1.45,5.84
1.6768091242483953,1.44,5.9
1.6805539369200864,1.42,5.91
1.6843709856428681,1.38,5.94
1.6882642060955093,1.35,5.99
1.692237760129074,1.34,6.02
1.6962960539869367,1.32,6.04
1.7004437582052718,1.31,6.08
1.7046858293789586,1.29,6.11,6.12,6.13
1.7090275340008296,1.26,6.16
1.7134744746083963,1.24,6.19
1.7180326185020856,1.22,6.23
1.7227083293332124,1.2,6.27
1.7275084018990492,1.19,6.31
1.7324401005272243,1.16,6.35
1.7375112014832037,1.13,6.41
1.7427300398938625,1.11,6.45
1.7481055617483896,1.1,6.48
1.7536473816164568,1.09,6.52
1.7593658468144904,1.07,6.58
1.7652721088559795,1.03,6.61
1.7713782031434995,1.02,6.62,6.65,6.66
1.7776971380012496,0.99,6.72
1.784242994310717,0.98,6.76
1.79103103720239,0.97,6.8
1.798077841477733,0.95,6.84
1.8054014326930456,0.93,6.9
1.8130214461364178,0.91,6.95
1.8209593062775458,0.9,7.0
1.8292384296755704,0.87,7.04
1.8378844548010225,0.84,7.08,7.09,7.1
1.8469255027740261,0.81,7.14
1.8563924736523107,0.8,7.21
1.8663193836296488,0.78,7.24,7.25,7.26
1.8767437493376735,0.77,7.34
1.887707026389054,0.75,7.36
1.8992551103604212,0.73,7.43
1.9114389095834916,0.72,7.49
1.924315000372015,0.71,7.55
1.9379463766157228,0.68,7.61
1.952403306936727,0.67,7.65,7.67,7.72
1.967764313683775,0.62,0.63,0.64,7.76
1.9841172886951515,0.6,7.85
2.001560760605811,0.59,7.87
2.0202053269014275,0.58,7.96
2.0401752599937097,0.57,8.03
2.0616102888813304,0.54,8.09
2.0846675443332177,0.53,8.13
2.109523632841894,0.5,8.22
2.136376768311199,0.49,8.28
2.1654488342091844,0.48,8.34,8.35,8.38
2.196987164163712,0.41,0.43,0.47,8.43
2.2312657048356725,0.4,8.47,8.48,8.5
2.268585048972369,0.39,8.54
2.3092705875982817,0.37,8.63
2.3536677248190268,0.36,8.66,8.67,8.68
2.4021327440430094,0.34,8.75,8.76,8.77
2.455017571864459,0.32,8.84,8.85,8.86
2.5126464949418548,0.31,8.9,8.91,8.92
2.575283102113553,0.3,8.96
2.643086736459092,0.28,8.99,9.0,9.01
2.7160599990275363,0.27,9.02,9.03,9.04
2.7939926107988473,0.27,9.05,9.06,9.07
2.8764118140761363,0.26,9.08
2.962553873903746,0.26,9.1
3.0513722470309848,0.26,9.11
