3.942476676500724e-8
0.09022040655881607
0.17903877968604423
0.26518083951365384
0.34760004279094864
0.4255326545622561
0.49850591713069964
0.5663095514762402
0.6289461586479388
0.6865750817253361
0.7394599095467839
0.7879249287707665
0.8323220659915123
0.8730076046174253
0.9103269487541213
0.944605489426082
0.9761438193806089
1.005215885278594
1.0320690207478997
1.056925109256576
1.0799823647084634
1.1014173935960838
1.121387326688366
1.1400318929839823
1.1574753648946419
1.1738283399060188
1.1891893466530663
1.2036462769740703
1.2172776532177783
1.230153744006302
1.2423375432293724
1.253885627200739
1.2648489042521198
1.2752732699601448
1.2852001799374826
1.2946671508157674
1.3037081987887709
1.3123542239142227
1.3206333473122476
1.3285712074533755
1.3361912208967475
1.3435148121120601
1.350561616387403
1.3573496592790764
1.3638955155885437
1.3702144504462936
1.3763205447338138
1.3822268067753027
1.3879452719733365
1.3934870918414037
1.3988626136959306
1.4040814521065896
1.4091525530625688
1.4140842516907441
1.418884324256581
1.4235600350877078
1.428118178981397
1.4325651195889637
1.4369068242108347
1.4411488953845213
1.4452965996028566
1.4493548934607194
1.453328447494284
1.4572216679469252
1.461038716669707
1.4647835293413978
1.4684598321727493
1.4720711572420029
1.4756208565929294
1.479112115212876
1.482547962996093
1.4859312857867977
1.4892648355868692
1.492551240004565
1.4957930110131237
1.4989925530813957
1.5021521707326966
1.5052740755827358
1.508360392902756
1.51141316774976
1.514434370701942
1.5174259032340387
1.5203896027643053
1.5233272474021056
1.5262405604226834
1.529131214493515
1.5320008356746964
1.5348510072140829
1.5376832731563441
1.540499141783708
1.5433000889049302
1.546087561007925
1.5488629782905146
1.551627737582891
1.5543832151746282
1.5571307695584167
1.5598717441021224
1.5626074696602827
1.5653392671357407
1.5680684500017852
1.5707963267948966
1.5735242035880082
1.5762533864540524
1.5789851839295106
1.5817209094876707
1.5844618840313767
1.587209438415165
1.5899649160069023
1.5927296752992786
1.5955050925818683
1.5982925646848631
1.6010935118060854
1.6039093804334492
1.6067416463757105
1.609591817915097
1.6124614390962781
1.6153520931671097
1.6182654061876878
1.621203050825488
1.6241667503557546
1.6271582828878512
1.6301794858400331
1.6332322606870373
1.6363185780070573
1.6394404828570968
1.6426001005083974
1.6457996425766697
1.649041413585228
1.6523278180029242
1.6556613678029954
1.6590446905937002
1.6624805383769172
1.6659717969968637
1.6695214963477902
1.673132821417044,3.51,3.54,3.68,3.78,3.82,3.84,3.85,3.87,3.94,3.99,4.08,4.13
1.6768091242483953,3.41,3.44,3.45,3.47,3.49,3.57,3.64,4.15,4.28,4.3
1.6805539369200864,3.26,4.2,4.23,4.38,4.39,4.42,4.43,4.44
1.6843709856428681,3.07,3.08,3.19,3.2,3.22,4.48,4.52,4.56
1.6882642060955093,3.06,4.59
1.692237760129074,2.93,2.96,3.02,4.69
1.6962960539869367,2.9,4.76
1.7004437582052718,2.77,2.79,2.81,2.82,2.85,4.81,4.82,4.88
1.7046858293789586,2.69,2.72,2.73,4.91
1.7090275340008296,2.65,2.66,2.67,5.05
1.7134744746083963,2.63,5.07,5.1,5.11
1.7180326185020856,2.59,5.17
1.7227083293332124,2.5,2.51,2.53,2.55,2.56,5.27
1.7275084018990492,2.31,2.32,2.46,5.31,5.32,5.34
1.7324401005272243,2.25,2.33,2.38,5.38
1.7375112014832037,2.21,2.35,2.37,5.42
1.7427300398938625,2.17,5.51,5.52,5.53
1.7481055617483896,2.11,5.6
1.7536473816164568,2.09,5.63,5.65,5.66
1.7593658468144904,2.01,5.75
1.7652721088559795,1.99,5.78
1.7713782031434995,1.92,5.84
1.7776971380012496,1.89,5.93
1.784242994310717,1.83,5.98
1.79103103720239,1.81,6.06
1.798077841477733,1.75,6.12
1.8054014326930456,1.72,6.19
1.8130214461364178,1.67,6.25
1.8209593062775458,1.6,6.32
1.8292384296755704,1.58,6.4
1.8378844548010225,1.56,6.43,6.48,6.5
1.8469255027740261,1.5,6.53
1.8563924736523107,1.46,6.56,6.6,6.66
1.8663193836296488,1.42,6.69
1.8767437493376735,1.38,6.74
1.887707026389054,1.36,6.79
1.8992551103604212,1.3,6.86
1.9114389095834916,1.27,6.94
1.924315000372015,1.23,1.24,1.25,7.04
1.9379463766157228,1.2,7.16
1.952403306936727,1.16,7.18
1.967764313683775,1.13,7.2,7.33,7.34
1.9841172886951515,1.08,1.09,1.1,7.36
2.001560760605811,1.05,7.38,7.47,7.49
2.0202053269014275,1.03,7.51
2.0401752599937097,1.01,7.53,7.57,7.62
2.0616102888813304,0.95,7.64
2.0846675443332177,0.92,7.74
2.109523632841894,0.86,7.76,7.78,7.84
2.136376768311199,0.85,7.87,7.91,7.93
2.1654488342091844,0.83,7.96
2.196987164163712,0.8,8.04
2.2312657048356725,0.77,8.14
2.268585048972369,0.74,8.16,8.17,8.23
2.3092705875982817,0.72,8.25,8.27,8.3
2.3536677248190268,0.69,8.32,8.37,8.38
2.4021327440430094,0.66,8.41
2.455017571864459,0.63,0.64,0.65,8.48
2.5126464949418548,0.62,8.5,8.51,8.57
2.575283102113553,0.59,8.59,8.61,8.64
2.643086736459092,0.59,8.66
2.7160599990275363,0.58,8.67,8.68,8.72
2.7939926107988473,0.57,8.74
2.8764118140761363,0.57,8.75,8.77,8.8
2.962553873903746,0.56,8.81
3.0513722470309848,0.56,8.81
