b,alpha
2.11,4.712160915387242e-8
2.11,0.15791053184029766
2.21,0.30714865257518853
2.31,0.442714619908437
2.51,0.5623445889797078
2.66,0.6660077938677817
2.91,0.755007757415179
3.16,0.8312097240494624
3.385,0.8965571231017845
3.66,0.952832851662839
3.885,1.0015727555602567
4.21,1.0440570945887155
4.485,1.0813355300445506
4.76,1.1142624813160558
5.035,1.1435323015699255
5.31,1.1697102297190534
5.585,1.1932581118029935
5.885,1.2145551616441408
6.16,1.2339144680964158
6.435,1.2515960220602016
6.71,1.267817032627569
7.01,1.2827600215393535
7.285,1.2965792434753143
7.535,1.3094057920650517
7.81,1.3213516763680597
8.085,1.3325130921247645
8.36,1.3429730608493509
8.61,1.3528035704390982
8.885,1.3620673208082812
9.135,1.3708191549788709
9.385,1.3791072383897593
9.635,1.3869740341479664
9.885,1.3944571178152092
10.11,1.4015898614945728
10.36,1.4084019998083195
10.585,1.4149201115181573
10.81,1.421168027684752
11.035,1.4271671788617766
11.26,1.4329368915790346
11.485,1.438494642467648
11.685,1.4438562768615186
11.91,1.4490361974906507
12.11,1.454047527899811
12.31,1.45890225443107
12.51,1.4636113499626067
12.685,1.4681848820688017
12.885,1.4726321078344857
13.06,1.4769615572007808
13.235,1.481181110387076
13.41,1.4852980650689522
13.585,1.489319185009495
13.76,1.4932507557353467
13.91,1.4970986299913966
14.06,1.500868268232245
14.21,1.5045647748527138
14.36,1.5081929306796802
14.51,1.5117572221766162
14.635,1.5152618677519407
14.785,1.5187108415109376
14.91,1.5221078947471347
15.035,1.5254565754314524
15.135,1.528760245925191
15.26,1.5320220991151814
15.36,1.5352451731454901
15.46,1.538432364899416
15.56,1.5415864423676147
15.66,1.5447100560226807
15.76,1.5478057493070405
15.835,1.5508759683292892
15.935,1.5539230708538965
16.01,1.5569493413537696
16.085,1.5599570055571002
16.135,1.5629482146383054
16.21,1.565925063969023
16.26,1.568889600245279
16.335,1.5718438276627447
16.385,1.5747897138079443
16.435,1.5777291953041805
16.46,1.5806641832482418
16.51,1.5835965684716693
16.535,1.586528226658445
16.56,1.5894610233493793
16.585,1.592396818862202
16.61,1.5953374731553926
16.635,1.5982848506630782
16.66,1.6012408251278847
16.66,1.6042072844584552
16.66,1.6071861356384096
16.66,1.6101793097138415
16.66,1.613188766887022
16.66,1.6162165017448145
16.635,1.6192645486514052
16.635,1.6223349873363428
16.61,1.6254299487105675
16.585,1.6285516209451287
16.56,1.6317022558496501
16.535,1.6348841755903496
16.51,1.638099779790609
16.46,1.641351553060695
16.435,1.6446420730074527
16.385,1.6479740349707526
16.335,1.6513502917582796
16.285,1.6547737759178842
16.235,1.658247551503782
16.185,1.6617748304191695
16.135,1.6653589852132986
16.06,1.6690035629661302
15.985,1.6727123003833253
15.935,1.6764891402391555
15.86,1.6803382493218582
15.785,1.6842640380553473
15.71,1.6882711819933807
15.635,1.6923646454077654
15.56,1.6965497072214581
15.46,1.700831989571117
15.385,1.7052174893225416
15.285,1.7097126129073585
15.185,1.7143242149013078
15.11,1.7190596408248298
15.01,1.723926774716753
14.91,1.7289340921135812
14.81,1.7340907191621855
14.71,1.739406498705229
14.61,1.7448920643093415
14.51,1.7505589233595988
14.385,1.7564195505246267
14.285,1.7624874931099195
14.185,1.7687774900691193
14.06,1.7753056067418305
13.96,1.7820893877413768
13.835,1.789148030838084
13.735,1.7965026278872378
13.61,1.804176460626019
13.485,1.8121950354142087
13.385,1.8205864974143176
13.26,1.8293819882700626
13.135,1.8386160459557743
13.01,1.848327067724352
12.91,1.8585578474686906
12.785,1.8693562010127813
12.66,1.88077569548232
12.535,1.8928765020412348
12.41,1.9057263949896668
12.31,1.9194019245579026
12.185,1.9339897957232928
12.06,1.949588490975967
11.935,1.9663101809803014
11.835,1.9842829730909688
11.71,2.0036535528188075
11.585,2.0245902759929058
11.485,2.0472867666729297
11.36,2.0719660629115952
11.26,2.0988853209963363
11.16,2.1283410252719968
11.035,2.1606745334094963
10.935,2.196277582498711
10.835,2.2355970399789857
10.735,2.279137636928265
10.66,2.3274605876929053
10.56,2.3811748094609957
10.485,2.4409159231707926
10.385,2.507306602771298
10.335,2.580890929622534
10.26,2.6620368676067
10.21,2.7508077245665303
10.16,2.846819168215865
10.11,2.949107924986298
10.085,3.056080112691426
10.06,3.1175974876947166
10.06,3.008033237156707
10.06,2.9008981994394483
10.085,2.798358453701917
10.11,2.702032118055807
10.135,2.6129076794311685
10.185,2.531392579742511
10.235,2.4574380913658143
10.285,2.390684993411873
10.335,2.330593503629542
10.41,2.2765421247704714
10.485,2.227894447615843
10.56,2.1840396677300737
10.61,2.144414168448345
10.71,2.1085106633679125
10.785,2.0758797830806777
10.86,2.046127446984021
10.935,2.0189101554854374
11.01,1.993929491314754
11.11,1.9709265625133598
11.185,1.9496767717451928
11.26,1.9299850878602804
11.36,1.9116818757841707
11.435,1.8946192757072113
11.51,1.8786680901639645
11.61,1.8637151241292316
11.685,1.849660920296061
11.76,1.8364178342234114
11.835,1.8239083991278486
11.935,1.8120639360984856
12.01,1.8008233715498894
12.085,1.790132229350046
12.16,1.7799417700793068
12.21,1.7702082542403312
12.285,1.7608923099708411
12.36,1.7519583938865522
12.41,1.7433746339641396
12.485,1.735111864936688
12.535,1.7271433214330292
12.585,1.7194445733651265
12.635,1.7119932482494906
12.685,1.7047687884578304
12.71,1.697752238188355
12.735,1.6909260557592267
12.785,1.6842739474956687
12.81,1.6777807200368413
12.81,1.6714321483478074
12.835,1.6652148571020284
12.835,1.6591162134140016
12.835,1.653124229160567
12.835,1.6472274713416222
12.835,1.6414149791033474
12.81,1.6356761861850044
12.785,1.630000847658084
12.76,1.6243789699072526
12.735,1.6188007428583115
12.685,1.613256473490713
12.635,1.6077365196814855
12.56,1.6022312234135179
12.485,1.5967308423428848
12.41,1.591225478655117
12.335,1.585705004045938
12.235,1.5801589795334603
12.135,1.5745765686401805
12.01,1.5689464422662414
11.885,1.5632566732998905
11.76,1.5574946186630767
11.635,1.5516467860517378
11.485,1.5456986820781535
11.31,1.5396346378258896
11.16,1.5334376069459175
10.96,1.527088930301615
10.785,1.5205680597389606
10.585,1.5138526066808158
10.385,1.5069190742114353
10.16,1.4997399134054163
9.935,1.4922839880959535
9.71,1.4845161155148499
9.46,1.4763963035552221
9.21,1.467878818564562
8.935,1.4589110376471837
8.66,1.4494320248802703
8.385,1.4393707509296083
8.085,1.4286438480620953
7.785,1.417152754221654
7.485,1.4047800458094224
7.16,1.3913846818063917
6.86,1.376795770857642
6.51,1.3608043110011416
6.185,1.3431521127793709
5.835,1.3235167600126703
5.51,1.3014909256166103
5.135,1.2765535456231687
4.785,1.2480291178880216
4.435,1.2150295302406342
4.085,1.1763701043129693
3.735,1.1304478846244326
3.385,1.0750663767609017
3.06,1.0071909184713537
2.735,0.9226370620773746
2.435,0.8157764672812045
2.11,0.6796055216784852
1.86,0.5071020834974554
1.735,0.2955381672771709
1.66,0.053771911886546356
1.71,0.19469921500766837
1.81,0.4224264968923834
1.96,0.6133666129974631
2.285,0.7657720333188627
2.56,0.8854338107812562
2.91,0.9796731281034242
3.235,1.0548143728163282
3.585,1.1156852508465502
3.885,1.1658140733010984
4.26,1.2077528932179569
4.635,1.2433558468683232
5.01,1.273984976196008
5.335,1.3006546701331188
5.66,1.3241314413673342
6.01,1.3450028643478218
6.335,1.3637255757631952
6.66,1.3806590748224326
6.985,1.3960898297746218
7.285,1.4102486990759617
7.61,1.4233236866965673
7.885,1.4354693998778383
8.185,1.4468141468220663
8.46,1.457465324318417
8.71,1.4675135514735436
8.96,1.477035873529401
9.21,1.4860986273956993
9.435,1.4947623400646335
9.66,1.5030777734119956
9.86,1.5110887178959387
10.06,1.5188338727596364
10.26,1.5263476859599991
10.435,1.5336610471944454
10.61,1.540801864416768
10.76,1.5477955474975067
10.885,1.5546654176040366
11.035,1.56143305701883
11.16,1.568118611170313
11.26,1.574741052394096
11.36,1.5813184132086342
11.46,1.5878679955579282
11.535,1.5944065614558554
11.61,1.600950509696706
11.66,1.6075160427265658
11.71,1.61411932736563
11.76,1.6207766528080514
11.785,1.6275045891874407
11.81,1.6343201499736124
11.835,1.6412409615566723
11.835,1.6482854435811192
11.835,1.655472930732293
11.81,1.6628229387269666
11.81,1.6703566855437793
11.785,1.678097159693623
11.76,1.6860691225263784
11.735,1.6942994035491539
11.685,1.7028172366902432
11.635,1.7116546460528046
11.585,1.7208468914211992
11.535,1.730432985931317
11.485,1.7404563010022247
11.41,1.7509652769879234
11.36,1.7620142622201218
11.285,1.7736645083971012
11.21,1.785985356907936
11.135,1.7990556590103215
11.06,1.8129654832235178
10.96,1.8278181763506167
10.885,1.843732860759411
10.81,1.8608474704838311
10.735,1.8793224527812045
10.635,1.8993452899992742
10.56,1.921136027979408
10.46,1.9449540286379052
10.385,1.971106188462103
10.31,1.9999568658529758
10.21,2.0319397075380152
10.135,2.0675713985016513
10.06,2.1074669721451356
9.985,2.1523539992575027
9.91,2.203077259829724
9.835,2.2606154814663952
9.785,2.3260648236500847
9.735,2.4005894220389794
9.66,2.4853136680059977
9.635,2.5811259611739814
9.585,2.6883754096337067
9.56,2.8064872026668697
9.56,2.9336105179118905
9.56,3.0665072950334564
9.585,3.0823040059285933
9.61,2.9510434232485077
9.66,2.8268832887046385
9.735,2.712578244999735
9.81,2.609492988090041
9.885,2.517826653079299
9.96,2.436996368325246
10.06,2.3660004868685465
10.16,2.3036833587779575
10.285,2.2488967662626376
10.385,2.200583141013376
10.51,2.157808997463947
10.61,2.1197704182551735
10.735,2.0857847015692674
10.86,2.055276355957143
10.985,2.027761809182658
11.135,2.0028351404218556
11.26,1.980154687284604
11.385,1.9594322161649438
11.51,1.9404238541327128
11.66,1.922922480350008
11.785,1.9067514755960826
11.91,1.891759602137036
12.06,1.8778168118010834
12.185,1.8648108105319048
12.335,1.852644237128135
12.46,1.8412323399856854
12.61,1.8305010577810206
12.735,1.8203854282904772
12.86,1.8108282643747458
13.01,1.8017790480992208
13.135,1.7931930035241195
13.285,1.7850303163372807
13.41,1.7772554746002636
13.535,1.7698367097485244
13.66,1.7627455208818266
13.785,1.7559562685033159
13.91,1.749445826374659
14.035,1.7431932821765481
14.16,1.7371796792982546
14.285,1.7313877934053536
14.41,1.7258019385131007
14.535,1.7204077981732733
14.635,1.7151922781033853
14.76,1.7101433771797483
14.86,1.7052500742045085
14.985,1.700502228260984
15.085,1.6958904908071428
15.185,1.6914062279363256
15.285,1.6870414514676146
15.385,1.6827887129170183
15.485,1.6786410173201398
15.585,1.6745919310058155
15.66,1.6706354585624097
15.76,1.6667660002202127
15.835,1.6629783169357544
15.91,1.6592674989524636
15.985,1.6556289374353161
16.06,1.6520582988286265
16.135,1.6485515016303747
16.21,1.6451046953145252
16.26,1.641714241165612
16.335,1.6383766948182341
16.385,1.6350887903186446
16.435,1.6318474255469464
16.485,1.6286496488569049
16.535,1.625492646806521
16.585,1.6223737328665735
16.635,1.6192903370066059
16.66,1.6162399960685998
16.71,1.6132203448479665
16.735,1.6102291078097495
16.76,1.6072640913751624
16.785,1.6043231767199564
16.785,1.601404313031681
16.81,1.5985055111778252
16.81,1.5956248377411166
16.81,1.5927604093820655
16.835,1.589910387492123
16.81,1.5870729731037467
16.81,1.584246402026185
16.81,1.5814289401779695
16.785,1.5786188790890237
16.785,1.575814531546879
16.76,1.5730142273628807
16.735,1.5702163092353785
16.71,1.5674191286878305
16.66,1.5646210420604418
16.635,1.5618204065345145
16.585,1.5590155761689717
16.535,1.5562048979287288
16.485,1.553386707684528
16.435,1.5505593261636437
16.385,1.547720969210553
16.31,1.5448697495521773
16.26,1.5420038849835025
16.185,1.5391215578098167
16.11,1.5362209071792972
16.035,1.5333000239073193
15.935,1.5303569450298589
15.86,1.5273896480516538
15.76,1.5243960448517835
15.66,1.5213739752059074
15.56,1.5183211998805164
15.46,1.5152353932501064
15.36,1.512114135383168
15.26,1.5089549035371443
15.135,1.5057550629960026
15.01,1.5025118571766742
14.885,1.4992223969221743
14.76,1.4958836488896199
14.635,1.4924924229304088
14.51,1.4890453583473109
14.36,1.4855389088989204
14.235,1.4819693264055231
14.085,1.4783326427916255
13.935,1.4746246503787928
13.785,1.4708408802175372
13.61,1.4669765782183084
13.46,1.4630266788084383
13.285,1.4589857758034637
13.135,1.4548480901366216
12.96,1.450607434038424
12.785,1.4462571711976846
12.585,1.441790172364653
12.41,1.4371987657740601
12.235,1.4324746816685676
12.035,1.4276089900885789
11.835,1.422592030959094
11.635,1.4174133353443488
11.46,1.412061536550917
11.235,1.4065242695340787
11.035,1.4007880567923896
10.835,1.394838178612697
10.61,1.388658456993459
10.41,1.3822308085840913
10.185,1.3755357071018335
9.96,1.3685516972247902
9.735,1.3612550691928704
9.51,1.3536195576648968
9.285,1.345615992181782
9.06,1.3372118901726922
8.81,1.328370981519482
8.585,1.3190526513249368
8.335,1.3092112846018171
8.11,1.2987954929745666
7.86,1.287747198993604
7.61,1.2760005480951768
7.36,1.263480611348343
7.11,1.250101833623773
6.86,1.2357661713748598
6.61,1.2203608515162532
6.36,1.203755667660167
6.11,1.185799712173618
5.86,1.1663174225731772
5.61,1.1451038000904687
5.36,1.121918640168334
5.135,1.096479606175078
4.86,1.068453992421897
4.635,1.037449086254098
4.36,1.0030011979918947
4.16,0.9645637632653922
3.885,0.9214955720722482
3.66,0.8730513608673428
3.485,0.8183790320938188
3.235,0.7565310057887922
3.06,0.686501853801709
2.86,0.6073097905379852
2.735,0.5181429610019647
2.585,0.4185857642298352
2.485,0.3089140993365255
2.435,0.19039263892460984
2.31,0.06543733974102278
2.31,0.06251703679014474
2.31,0.18950653016019972
2.435,0.31174357234441286
2.51,0.4262484282921694
2.635,0.5311692987713682
2.835,0.6257543201466476
2.985,0.7101025775219652
3.16,0.7848542105623039
3.36,0.850927950069117
3.585,0.9093318702723753
3.785,0.9610509319530096
4.01,1.0069894721209796
4.235,1.0479483118419288
4.485,1.0846215426681847
4.735,1.1176032767098147
4.935,1.1473986121668722
5.21,1.1744356712669763
5.46,1.1990771373976776
5.71,1.2216306066145095
5.935,1.242357543091923
6.185,1.2614808640996202
6.435,1.2791912847235325
6.66,1.2956525879602359
6.91,1.3110059868438633
7.135,1.3253737308354585
7.36,1.3388620887197034
7.585,1.351563819635664
7.81,1.3635602248576673
8.035,1.3749228563797857
8.235,1.3857149443853867
8.435,1.3959925941230698
8.635,1.4058057932592387
8.835,1.4151992631065806
9.035,1.4242131809277538
9.21,1.4328837955134224
9.41,1.44124395420458
9.585,1.4493235562821163
9.735,1.4571499450285408
9.91,1.464748248654411
10.06,1.4721416785765835
10.185,1.4793517921586923
10.335,1.4863987259138653
10.46,1.4933014042766704
10.585,1.500077728336978
10.71,1.506744748362699
10.81,1.5133188234982413
10.91,1.5198154017932552
10.985,1.52624811294121
11.06,1.5326316310666988
11.135,1.53898062294215
11.21,1.545309677984341
11.26,1.5516334422706994
11.31,1.5579667555731733
11.335,1.564324794188914
11.36,1.5707232225841734
11.385,1.577178357215935
11.385,1.5837073463749831
11.385,1.5903283705323932
11.36,1.5970608685070777
11.335,1.60392579585673
11.31,1.6109459232980567
11.285,1.6181461847785945
11.235,1.6255540871792251
11.185,1.633200196697356
11.11,1.6411187209837603
11.035,1.6493482114103766
