b,alpha
5.309864413308432,4.712160915387242e-8
5.321629579302786,0.15791053184029766
5.321629579302786,0.30714865257518853
5.321629579302786,0.442714619908437
5.321629579302786,0.5623445889797078
5.321629579302786,0.6660077938677817
5.321629579302786,0.755007757415179
5.333793566830209,0.8312097240494624
5.333793566830209,0.8965571231017845
5.333793566830209,0.952832851662839
5.333793566830209,1.0015727555602567
5.346338310781813,1.0440570945887155
5.346338310781813,1.0813355300445506
5.346338310781813,1.1142624813160558
5.346338310781813,1.1435323015699255
5.359246835082731,1.1697102297190534
5.359246835082731,1.1932581118029935
5.359246835082731,1.2145551616441408
5.372503171016342,1.2339144680964158
5.372503171016342,1.2515960220602016
5.372503171016342,1.267817032627569
5.386092282848956,1.2827600215393535
5.386092282848956,1.2965792434753143
5.386092282848956,1.3094057920650517
5.4,1.3213516763680597
5.4,1.3325130921247645
5.4,1.3429730608493509
5.414212955091157,1.3528035704390982
5.414212955091157,1.3620673208082812
5.428718527284763,1.3708191549788709
5.428718527284763,1.3791072383897593
5.428718527284763,1.3869740341479664
5.443504790388732,1.3944571178152092
5.443504790388732,1.4015898614945728
5.443504790388732,1.4084019998083195
5.458560465263821,1.4149201115181573
5.458560465263821,1.421168027684752
5.473874876120233,1.4271671788617766
5.473874876120233,1.4329368915790346
5.473874876120233,1.438494642467648
5.489437910335499,1.4438562768615186
5.489437910335499,1.4490361974906507
5.505239981465034,1.454047527899811
5.505239981465034,1.45890225443107
5.52127199515152,1.4636113499626067
5.52127199515152,1.4681848820688017
5.52127199515152,1.4726321078344857
5.537525317669944,1.4769615572007808
5.537525317669944,1.481181110387076
5.5539917468721836,1.4852980650689522
5.5539917468721836,1.489319185009495
5.570663485319021,1.4932507557353467
5.570663485319021,1.4970986299913966
5.587533115408756,1.500868268232245
5.587533115408756,1.5045647748527138
5.604593576330416,1.5081929306796802
5.604593576330416,1.5117572221766162
5.621838142686438,1.5152618677519407
5.621838142686438,1.5187108415109376
5.639260404644602,1.5221078947471347
5.639260404644602,1.5254565754314524
5.656854249492381,1.528760245925191
5.656854249492381,1.5320220991151814
5.674613844478814,1.5352451731454901
5.674613844478814,1.538432364899416
5.692533620839691,1.5415864423676147
5.710608258911391,1.5447100560226807
5.710608258911391,1.5478057493070405
5.72883267424733,1.5508759683292892
5.72883267424733,1.5539230708538965
5.747202004658697,1.5569493413537696
5.747202004658697,1.5599570055571002
5.76571159810809,1.5629482146383054
5.7843570013909265,1.565925063969023
5.7843570013909265,1.568889600245279
5.803133949545162,1.5718438276627447
5.822038355934932,1.5747897138079443
5.822038355934932,1.5777291953041805
5.841066302958352,1.5806641832482418
5.860214033333896,1.5835965684716693
5.860214033333896,1.586528226658445
5.879477941923518,1.5894610233493793
5.898854568054189,1.592396818862202
5.898854568054189,1.5953374731553926
5.918340588302513,1.5982848506630782
5.937932809710092,1.6012408251278847
5.937932809710092,1.6042072844584552
5.957628163399705,1.6071861356384096
5.977423698564871,1.6101793097138415
5.997316576807412,1.613188766887022
5.997316576807412,1.6162165017448145
6.0173040667996185,1.6192645486514052
6.037383539249433,1.6223349873363428
6.05755246214865,1.6254299487105675
6.077808396285686,1.6285516209451287
6.098148991005783,1.6317022558496501
6.098148991005783,1.6348841755903496
6.118571980202821,1.638099779790609
6.139075178528037,1.641351553060695
6.159656477802014,1.6446420730074527
6.180313843617286,1.6479740349707526
6.201045312119802,1.6513502917582796
6.221848986958278,1.6547737759178842
6.2427230363913235,1.658247551503782
6.2636656905427905,1.6617748304191695
6.284675238796581,1.6653589852132986
6.305750027322654,1.6690035629661302
6.326888456726548,1.6727123003833253
6.3480889798152775,1.6764891402391555
6.36935009947288,1.6803382493218582
6.390670366639382,1.6842640380553473
6.412048378387336,1.6882711819933807
6.43348277609042,1.6923646454077654
6.454972243679028,1.6965497072214581
6.476515505978007,1.700831989571117
6.498111327122069,1.7052174893225416
6.5414558900362785,1.7097126129073585
6.56320234336867,1.7143242149013078
6.584996775981181,1.7190596408248298
6.60683812722622,1.723926774716753
6.650657497950015,1.7289340921135812
6.672633547673547,1.7340907191621855
6.6946525743762875,1.739406498705229
6.738815922518881,1.7448920643093415
6.760958489851312,1.7505589233595988
6.783140524150327,1.7564195505246267
6.827619748005718,1.7624874931099195
6.849915370258974,1.7687774900691193
6.894614875808096,1.7753056067418305
6.917017315729323,1.7820893877413768
6.961924104567805,1.789148030838084
6.984427121978023,1.7965026278872378
7.02952920343303,1.804176460626019
7.052127037163987,1.8121950354142087
7.0974133321028585,1.8205864974143176
7.142816692174961,1.8293819882700626
7.16556091020757,1.8386160459557743
7.2111318167068665,1.848327067724352
7.256809357512574,1.8585578474686906
7.302589708842761,1.8693562010127813
7.325517293430696,1.88077569548232
7.371445084903743,1.8928765020412348
7.417466898075722,1.9057263949896668
7.463579499100545,1.9194019245579026
7.509779801343756,1.9339897957232928
7.5560648570707984,1.949588490975967
7.602431849693871,1.9663101809803014
7.648878086533931,1.9842829730909688
7.695400992058271,2.0036535528188075
7.74199810155749,2.0245902759929058
7.7886670552288155,2.0472867666729297
7.835405592635583,2.0719660629115952
7.8822115475151655,2.0988853209963363
7.92908284291,2.1283410252719968
7.976017486598439,2.1606745334094963
8.02301356680404,2.196277582498711
8.070069248163678,2.2355970399789857
8.117182767936354,2.279137636928265
8.164352432436123,2.3274605876929053
8.18795780773353,2.3811748094609957
8.235208656504195,2.4409159231707926
8.282511696339462,2.507306602771298
8.306182324088187,2.580890929622534
8.329865450044291,2.6620368676067
8.353560898192038,2.7508077245665303
8.37726849581535,2.846819168215865
8.400988073420656,2.949107924986298
8.400988073420656,3.056080112691426
8.37726849581535,3.1175974876947166
8.37726849581535,3.008033237156707
8.353560898192038,2.9008981994394483
8.329865450044291,2.798358453701917
8.282511696339462,2.702032118055807
8.235208656504195,2.6129076794311685
8.18795780773353,2.531392579742511
8.140760685346454,2.4574380913658143
8.093618885681897,2.390684993411873
8.02301356680404,2.330593503629542
7.976017486598439,2.2765421247704714
7.905639154096436,2.227894447615843
7.835405592635583,2.1840396677300737
7.7886670552288155,2.144414168448345
7.718690421190749,2.1085106633679125
7.648878086533931,2.0758797830806777
7.602431849693871,2.046127446984021
7.532911914045053,2.0189101554854374
7.463579499100545,1.993929491314754
7.417466898075722,1.9709265625133598
7.3484692283495345,1.9496767717451928
7.279686913632313,1.9299850878602804
7.233957501190635,1.9116818757841707
7.16556091020757,1.8946192757072113
7.120100654719239,1.8786680901639645
7.074755272245264,1.8637151241292316
7.006962362659309,1.849660920296061
6.961924104567805,1.8364178342234114
6.894614875808096,1.8239083991278486
6.849915370258974,1.8120639360984856
6.8053612083761275,1.8008233715498894
6.760958489851312,1.790132229350046
6.716713662516992,1.7799417700793068
6.650657497950015,1.7702082542403312
6.60683812722622,1.7608923099708411
6.56320234336867,1.7519583938865522
6.519758509044654,1.7433746339641396
6.476515505978007,1.735111864936688
6.454972243679028,1.7271433214330292
6.412048378387336,1.7194445733651265
6.36935009947288,1.7119932482494906
6.326888456726548,1.7047687884578304
6.284675238796581,1.697752238188355
6.2636656905427905,1.6909260557592267
6.221848986958278,1.6842739474956687
6.180313843617286,1.6777807200368413
6.159656477802014,1.6714321483478074
6.118571980202821,1.6652148571020284
6.098148991005783,1.6591162134140016
6.05755246214865,1.653124229160567
6.037383539249433,1.6472274713416222
5.997316576807412,1.6414149791033474
5.977423698564871,1.6356761861850044
5.937932809710092,1.630000847658084
5.918340588302513,1.6243789699072526
5.898854568054189,1.6188007428583115
5.860214033333896,1.613256473490713
5.841066302958352,1.6077365196814855
5.822038355934932,1.6022312234135179
5.803133949545162,1.5967308423428848
5.7843570013909265,1.591225478655117
5.747202004658697,1.585705004045938
5.72883267424733,1.5801589795334603
5.710608258911391,1.5745765686401805
5.692533620839691,1.5689464422662414
5.674613844478814,1.5632566732998905
5.656854249492381,1.5574946186630767
5.639260404644602,1.5516467860517378
5.621838142686438,1.5456986820781535
5.604593576330416,1.5396346378258896
5.587533115408756,1.5334376069459175
5.570663485319021,1.527088930301615
5.5539917468721836,1.5205680597389606
5.537525317669944,1.5138526066808158
5.537525317669944,1.5069190742114353
5.52127199515152,1.4997399134054163
5.505239981465034,1.4922839880959535
5.489437910335499,1.4845161155148499
5.473874876120233,1.4763963035552221
5.473874876120233,1.467878818564562
5.458560465263821,1.4589110376471837
5.443504790388732,1.4494320248802703
5.443504790388732,1.4393707509296083
5.428718527284763,1.4286438480620953
5.414212955091157,1.417152754221654
5.414212955091157,1.4047800458094224
5.4,1.3913846818063917
5.386092282848956,1.376795770857642
5.386092282848956,1.3608043110011416
5.372503171016342,1.3431521127793709
5.372503171016342,1.3235167600126703
5.359246835082731,1.3014909256166103
5.359246835082731,1.2765535456231687
5.346338310781813,1.2480291178880216
5.346338310781813,1.2150295302406342
5.333793566830209,1.1763701043129693
5.333793566830209,1.1304478846244326
5.321629579302786,1.0750663767609017
5.321629579302786,1.0071909184713537
5.309864413308432,0.9226370620773746
5.309864413308432,0.8157764672812045
5.309864413308432,0.6796055216784852
5.298517312823061,0.5071020834974554
5.298517312823061,0.2955381672771709
5.298517312823061,0.053771911886546356
5.298517312823061,0.19469921500766837
5.298517312823061,0.4224264968923834
5.309864413308432,0.6133666129974631
5.309864413308432,0.7657720333188627
5.309864413308432,0.8854338107812562
5.321629579302786,0.9796731281034242
5.321629579302786,1.0548143728163282
5.321629579302786,1.1156852508465502
5.333793566830209,1.1658140733010984
5.333793566830209,1.2077528932179569
5.346338310781813,1.2433558468683232
5.346338310781813,1.273984976196008
5.359246835082731,1.3006546701331188
5.359246835082731,1.3241314413673342
5.372503171016342,1.3450028643478218
5.372503171016342,1.3637255757631952
5.386092282848956,1.3806590748224326
5.4,1.3960898297746218
5.4,1.4102486990759617
5.414212955091157,1.4233236866965673
5.428718527284763,1.4354693998778383
5.428718527284763,1.4468141468220663
5.443504790388732,1.457465324318417
5.458560465263821,1.4675135514735436
5.473874876120233,1.477035873529401
5.489437910335499,1.4860986273956993
5.489437910335499,1.4947623400646335
5.505239981465034,1.5030777734119956
5.52127199515152,1.5110887178959387
5.537525317669944,1.5188338727596364
5.5539917468721836,1.5263476859599991
5.570663485319021,1.5336610471944454
5.587533115408756,1.540801864416768
5.604593576330416,1.5477955474975067
5.621838142686438,1.5546654176040366
5.639260404644602,1.56143305701883
5.656854249492381,1.568118611170313
5.692533620839691,1.574741052394096
5.710608258911391,1.5813184132086342
5.72883267424733,1.5878679955579282
5.747202004658697,1.5944065614558554
5.7843570013909265,1.600950509696706
5.803133949545162,1.6075160427265658
5.841066302958352,1.61411932736563
5.860214033333896,1.6207766528080514
5.879477941923518,1.6275045891874407
5.918340588302513,1.6343201499736124
5.957628163399705,1.6412409615566723
5.977423698564871,1.6482854435811192
6.0173040667996185,1.655472930732293
6.05755246214865,1.6628229387269666
6.077808396285686,1.6703566855437793
6.118571980202821,1.678097159693623
6.159656477802014,1.6860691225263784
6.201045312119802,1.6942994035491539
6.2427230363913235,1.7028172366902432
6.284675238796581,1.7116546460528046
6.326888456726548,1.7208468914211992
6.36935009947288,1.730432985931317
6.412048378387336,1.7404563010022247
6.454972243679028,1.7509652769879234
6.519758509044654,1.7620142622201218
6.56320234336867,1.7736645083971012
6.60683812722622,1.785985356907936
6.672633547673547,1.7990556590103215
6.716713662516992,1.8129654832235178
6.783140524150327,1.8278181763506167
6.849915370258974,1.843732860759411
6.894614875808096,1.8608474704838311
6.961924104567805,1.8793224527812045
7.02952920343303,1.8993452899992742
7.0974133321028585,1.921136027979408
7.16556091020757,1.9449540286379052
7.233957501190635,1.971106188462103
7.302589708842761,1.9999568658529758
7.371445084903743,2.0319397075380152
7.440512046371212,2.0675713985016513
7.509779801343756,2.1074669721451356
7.579238282385406,2.1523539992575027
7.648878086533931,2.203077259829724
7.718690421190749,2.2606154814663952
7.7886670552288155,2.3260648236500847
7.835405592635583,2.4005894220389794
7.905639154096436,2.4853136680059977
7.952542367540514,2.5811259611739814
7.9995079635921655,2.6883754096337067
8.046534069170141,2.8064872026668697
8.093618885681897,2.9336105179118905
8.117182767936354,3.0665072950334564
8.117182767936354,3.0823040059285933
8.117182767936354,2.9510434232485077
8.117182767936354,2.8268832887046385
8.093618885681897,2.712578244999735
8.070069248163678,2.609492988090041
8.02301356680404,2.517826653079299
7.9995079635921655,2.436996368325246
7.952542367540514,2.3660004868685465
7.905639154096436,2.3036833587779575
7.858800274739253,2.2488967662626376
7.81202776350531,2.200583141013376
7.765323741415342,2.157808997463947
7.718690421190749,2.1197704182551735
7.672130112281081,2.0857847015692674
7.625645226227029,2.055276355957143
7.579238282385406,2.027761809182658
7.532911914045053,2.0028351404218556
7.486668874965254,1.980154687284604
7.440512046371212,1.9594322161649438
7.394444444444445,1.9404238541327128
7.3484692283495345,1.922922480350008
7.302589708842761,1.9067514755960826
7.256809357512574,1.891759602137036
7.2111318167068665,1.8778168118010834
7.16556091020757,1.8648108105319048
7.120100654719239,1.852644237128135
7.0974133321028585,1.8412323399856854
7.052127037163987,1.8305010577810206
7.006962362659309,1.8203854282904772
6.984427121978023,1.8108282643747458
6.9394539501866115,1.8017790480992208
6.894614875808096,1.7931930035241195
6.872247323356552,1.7850303163372807
6.827619748005718,1.7772554746002636
6.8053612083761275,1.7698367097485244
6.760958489851312,1.7627455208818266
6.738815922518881,1.7559562685033159
6.6946525743762875,1.749445826374659
6.672633547673547,1.7431932821765481
6.650657497950015,1.7371796792982546
6.60683812722622,1.7313877934053536
6.584996775981181,1.7258019385131007
6.56320234336867,1.7204077981732733
6.5414558900362785,1.7151922781033853
6.498111327122069,1.7101433771797483
6.476515505978007,1.7052500742045085
6.454972243679028,1.700502228260984
6.43348277609042,1.6958904908071428
6.412048378387336,1.6914062279363256
6.390670366639382,1.6870414514676146
6.3480889798152775,1.6827887129170183
6.326888456726548,1.6786410173201398
6.305750027322654,1.6745919310058155
6.284675238796581,1.6706354585624097
6.2636656905427905,1.6667660002202127
6.2427230363913235,1.6629783169357544
6.221848986958278,1.6592674989524636
6.221848986958278,1.6556289374353161
6.201045312119802,1.6520582988286265
6.180313843617286,1.6485515016303747
6.159656477802014,1.6451046953145252
6.139075178528037,1.641714241165612
6.118571980202821,1.6383766948182341
6.098148991005783,1.6350887903186446
6.077808396285686,1.6318474255469464
6.077808396285686,1.6286496488569049
6.05755246214865,1.625492646806521
6.037383539249433,1.6223737328665735
6.0173040667996185,1.6192903370066059
6.0173040667996185,1.6162399960685998
5.997316576807412,1.6132203448479665
5.977423698564871,1.6102291078097495
5.957628163399705,1.6072640913751624
5.957628163399705,1.6043231767199564
5.937932809710092,1.601404313031681
5.918340588302513,1.5985055111778252
5.918340588302513,1.5956248377411166
5.898854568054189,1.5927604093820655
5.879477941923518,1.589910387492123
5.879477941923518,1.5870729731037467
5.860214033333896,1.584246402026185
5.841066302958352,1.5814289401779695
5.841066302958352,1.5786188790890237
5.822038355934932,1.575814531546879
5.822038355934932,1.5730142273628807
5.803133949545162,1.5702163092353785
5.7843570013909265,1.5674191286878305
5.7843570013909265,1.5646210420604418
5.76571159810809,1.5618204065345145
5.76571159810809,1.5590155761689717
5.747202004658697,1.5562048979287288
5.747202004658697,1.553386707684528
5.72883267424733,1.5505593261636437
5.72883267424733,1.547720969210553
5.710608258911391,1.5448697495521773
5.710608258911391,1.5420038849835025
5.692533620839691,1.5391215578098167
5.692533620839691,1.5362209071792972
5.674613844478814,1.5333000239073193
5.674613844478814,1.5303569450298589
5.656854249492381,1.5273896480516538
5.656854249492381,1.5243960448517835
5.639260404644602,1.5213739752059074
5.639260404644602,1.5183211998805164
5.621838142686438,1.5152353932501064
5.621838142686438,1.512114135383168
5.604593576330416,1.5089549035371443
5.604593576330416,1.5057550629960026
5.604593576330416,1.5025118571766742
5.587533115408756,1.4992223969221743
5.587533115408756,1.4958836488896199
5.570663485319021,1.4924924229304088
5.570663485319021,1.4890453583473109
5.570663485319021,1.4855389088989204
5.5539917468721836,1.4819693264055231
5.5539917468721836,1.4783326427916255
5.537525317669944,1.4746246503787928
5.537525317669944,1.4708408802175372
5.537525317669944,1.4669765782183084
5.52127199515152,1.4630266788084383
5.52127199515152,1.4589857758034637
5.505239981465034,1.4548480901366216
5.505239981465034,1.450607434038424
5.505239981465034,1.4462571711976846
5.489437910335499,1.441790172364653
5.489437910335499,1.4371987657740601
5.489437910335499,1.4324746816685676
5.473874876120233,1.4276089900885789
5.473874876120233,1.422592030959094
5.473874876120233,1.4174133353443488
5.458560465263821,1.412061536550917
5.458560465263821,1.4065242695340787
5.458560465263821,1.4007880567923896
5.443504790388732,1.394838178612697
5.443504790388732,1.388658456993459
5.443504790388732,1.3822308085840913
5.428718527284763,1.3755357071018335
5.428718527284763,1.3685516972247902
5.428718527284763,1.3612550691928704
5.414212955091157,1.3536195576648968
5.414212955091157,1.345615992181782
5.414212955091157,1.3372118901726922
5.414212955091157,1.328370981519482
5.4,1.3190526513249368
5.4,1.3092112846018171
5.4,1.2987954929745666
5.386092282848956,1.287747198993604
5.386092282848956,1.2760005480951768
5.386092282848956,1.263480611348343
5.386092282848956,1.250101833623773
5.372503171016342,1.2357661713748598
5.372503171016342,1.2203608515162532
5.372503171016342,1.203755667660167
5.372503171016342,1.185799712173618
5.359246835082731,1.1663174225731772
5.359246835082731,1.1451038000904687
5.359246835082731,1.121918640168334
5.359246835082731,1.096479606175078
5.346338310781813,1.068453992421897
5.346338310781813,1.037449086254098
5.346338310781813,1.0030011979918947
5.346338310781813,0.9645637632653922
5.333793566830209,0.9214955720722482
5.333793566830209,0.8730513608673428
5.333793566830209,0.8183790320938188
5.333793566830209,0.7565310057887922
5.333793566830209,0.686501853801709
5.333793566830209,0.6073097905379852
5.321629579302786,0.5181429610019647
5.321629579302786,0.4185857642298352
5.321629579302786,0.3089140993365255
5.321629579302786,0.19039263892460984
5.321629579302786,0.06543733974102278
5.321629579302786,0.06251703679014474
5.321629579302786,0.18950653016019972
5.321629579302786,0.31174357234441286
5.321629579302786,0.4262484282921694
5.321629579302786,0.5311692987713682
5.321629579302786,0.6257543201466476
5.333793566830209,0.7101025775219652
5.333793566830209,0.7848542105623039
5.333793566830209,0.850927950069117
5.333793566830209,0.9093318702723753
5.333793566830209,0.9610509319530096
5.333793566830209,1.0069894721209796
5.346338310781813,1.0479483118419288
5.346338310781813,1.0846215426681847
5.346338310781813,1.1176032767098147
5.346338310781813,1.1473986121668722
5.359246835082731,1.1744356712669763
5.359246835082731,1.1990771373976776
5.359246835082731,1.2216306066145095
5.372503171016342,1.242357543091923
5.372503171016342,1.2614808640996202
5.372503171016342,1.2791912847235325
5.372503171016342,1.2956525879602359
5.386092282848956,1.3110059868438633
5.386092282848956,1.3253737308354585
5.4,1.3388620887197034
5.4,1.351563819635664
5.4,1.3635602248576673
5.414212955091157,1.3749228563797857
5.414212955091157,1.3857149443853867
5.414212955091157,1.3959925941230698
5.428718527284763,1.4058057932592387
5.428718527284763,1.4151992631065806
5.443504790388732,1.4242131809277538
5.443504790388732,1.4328837955134224
5.458560465263821,1.44124395420458
5.458560465263821,1.4493235562821163
5.473874876120233,1.4571499450285408
5.473874876120233,1.464748248654411
5.489437910335499,1.4721416785765835
5.489437910335499,1.4793517921586923
5.505239981465034,1.4863987259138653
5.52127199515152,1.4933014042766704
5.52127199515152,1.500077728336978
5.537525317669944,1.506744748362699
5.5539917468721836,1.5133188234982413
5.5539917468721836,1.5198154017932552
5.570663485319021,1.52624811294121
5.587533115408756,1.5326316310666988
5.604593576330416,1.53898062294215
5.621838142686438,1.545309677984341
5.621838142686438,1.5516334422706994
5.639260404644602,1.5579667555731733
5.656854249492381,1.564324794188914
5.674613844478814,1.5707232225841734
5.692533620839691,1.577178357215935
5.710608258911391,1.5837073463749831
5.72883267424733,1.5903283705323932
5.76571159810809,1.5970608685070777
5.7843570013909265,1.60392579585673
5.803133949545162,1.6109459232980567
5.822038355934932,1.6181461847785945
5.860214033333896,1.6255540871792251
5.879477941923518,1.633200196697356
5.918340588302513,1.6411187209837603
5.937932809710092,1.6493482114103766
