b,alpha
5.386092282848956,4.712160915387242e-8
5.386092282848956,0.0005772295135178819
5.386092282848956,0.0011571765308359308
5.386092282848956,0.0017398600782112627
5.386092282848956,0.002325299302616536
5.386092282848956,0.0029135135121256075
5.386092282848956,0.003504522216194569
5.386092282848956,0.004098345110351892
5.386092282848956,0.004695002079496465
5.386092282848956,0.005294513204070477
5.386092282848956,0.005896898751087863
5.386092282848956,0.006502179180657918
5.386092282848956,0.007110375140032433
5.386092282848956,0.007721507468138472
5.386092282848956,0.008335597192098613
5.386092282848956,0.008952665528239328
5.386092282848956,0.009572733882070606
5.386092282848956,0.010195823845621503
5.386092282848956,0.01082195771051997
5.386092282848956,0.01145115787372552
5.386092282848956,0.012083446268046931
5.386092282848956,0.01271884508740734
5.386092282848956,0.013357376786255535
5.386092282848956,0.0139990640799441
5.386092282848956,0.014643929943718716
5.386092282848956,0.015291997613039586
5.386092282848956,0.015943290582770695
5.386092282848956,0.01659783260634554
5.386092282848956,0.017255647695917364
5.386092282848956,0.017916760121967412
5.386092282848956,0.018581194412483317
5.386092282848956,0.01924897535222969
5.386092282848956,0.01992012798301238
5.386092282848956,0.020594677602355924
5.386092282848956,0.021272649763792395
5.386092282848956,0.021954070275751126
5.386092282848956,0.02263896520135591
5.386092282848956,0.02332736085743248
5.386092282848956,0.024019283814499654
5.386092282848956,0.024714760895563466
5.386092282848956,0.025413819176487655
5.386092282848956,0.02611648598419932
5.386092282848956,0.026822788896952745
5.386092282848956,0.027532755743486056
5.386092282848956,0.028246414601717975
5.386092282848956,0.028963793799289997
5.386092282848956,0.029684921912000405
5.386092282848956,0.030409827763178656
5.386092282848956,0.031138540423586165
5.386092282848956,0.031871089209659274
5.386092282848956,0.032607503683884605
5.386092282848956,0.03334781365563757
5.386092282848956,0.03409205268006894
5.386092282848956,0.034840253648582696
5.386092282848956,0.03559244644029319
5.386092282848956,0.03634866138387305
5.386092282848956,0.037108929257016615
5.386092282848956,0.03787328128501309
5.386092282848956,0.038641749140439656
5.386092282848956,0.039414364941569656
5.386092282848956,0.04019116125199946
5.386092282848956,0.040972171079062786
5.386092282848956,0.04175742787316057
5.386092282848956,0.04254696552648827
5.386092282848956,0.043340818372097044
5.386092282848956,0.044139021182558816
5.386092282848956,0.04494160916904203
5.386092282848956,0.04574861797997942
5.386092282848956,0.04656008369997955
5.386092282848956,0.04737604284852051
5.386092282848956,0.04819653237844583
5.386092282848956,0.04902158967526367
5.386092282848956,0.0498512525550363
5.386092282848956,0.050685559263752775
5.386092282848956,0.0515245484753841
5.386092282848956,0.05236825929078842
5.386092282848956,0.05321673123596272
5.386092282848956,0.05407000426091128
5.386092282848956,0.054928118737542636
5.386092282848956,0.05579111545869765
5.386092282848956,0.0566590356362488
5.386092282848956,0.057531920899313735
5.386092282848956,0.05840981329288111
5.386092282848956,0.05929275527576365
5.386092282848956,0.060180789719032526
5.386092282848956,0.06107395990420183
5.386092282848956,0.06197230952116103
5.386092282848956,0.06287588266650962
5.386092282848956,0.06378472384150699
5.386092282848956,0.06469887795002029
5.386092282848956,0.06561839029664865
5.386092282848956,0.06654330658445422
5.386092282848956,0.06747367291288982
5.386092282848956,0.06840953577567913
5.386092282848956,0.06935094205864825
5.386092282848956,0.07029793903703008
5.386092282848956,0.07125057437368856
5.386092282848956,0.07220889611639289
5.386092282848956,0.07317295342011862
5.386092282848956,0.07414281576319345
5.386092282848956,0.07511853957742651
5.386092282848956,0.07610017191198211
5.386092282848956,0.07708776080518856
5.386092282848956,0.07808135528150935
5.386092282848956,0.0790810053482103
5.386092282848956,0.08008676199205876
5.386092282848956,0.08109867717598065
5.386092282848956,0.08211680383544355
5.386092282848956,0.08314119587495387
5.386092282848956,0.08417190816441297
5.386092282848956,0.08520899653510067
5.386092282848956,0.08625251777614766
5.386092282848956,0.08730252963008558
5.386092282848956,0.0883590907892027
5.386092282848956,0.08942226089097191
5.386092282848956,0.09049210051388447
5.386092282848956,0.09156867117316997
5.386092282848956,0.09265203531580421
5.386092282848956,0.09374225631622664
5.386092282848956,0.09483939847150438
5.386092282848956,0.0959435269961414
5.386092282848956,0.09705470801729926
5.386092282848956,0.09817300856953125
5.386092282848956,0.09929849658938147
5.386092282848956,0.1004312409099987
5.386092282848956,0.10157131125563064
5.386092282848956,0.10271877823571249
5.386092282848956,0.10387371333900056
5.386092282848956,0.10503618892768998
5.386092282848956,0.10620627823108977
5.386092282848956,0.10738405533922779
5.386092282848956,0.10856959519644303
5.386092282848956,0.10976297359466865
5.386092282848956,0.11096426716656022
5.386092282848956,0.11217355337850088
5.386092282848956,0.11339091052342402
5.386092282848956,0.11461641771332402
5.386092282848956,0.11585015487180184
5.386092282848956,0.11709220272629892
5.386092282848956,0.11834264280015107
5.386092282848956,0.11960155740430888
5.386092282848956,0.12086902962926013
5.386092282848956,0.12214514333619013
5.386092282848956,0.12342998314842443
5.386092282848956,0.12472363444228896
5.386092282848956,0.12602618333813634
5.386092282848956,0.12733771669062338
5.386092282848956,0.12865832207935662
5.386092282848956,0.12998808779880913
5.386092282848956,0.13132710284820556
5.386092282848956,0.1326754569212766
5.386092282848956,0.13403324039551265
5.386092282848956,0.13540054432141393
5.386092282848956,0.13677746041111646
5.386092282848956,0.1381640811660292
5.386092282848956,0.1395605950739183
5.386092282848956,0.14096716534017553
5.386092282848956,0.14238387000239877
5.386092282848956,0.1438107901694626
5.386092282848956,0.14524801000468013
5.386092282848956,0.14669561670847664
5.386092282848956,0.14815370050037924
5.386092282848956,0.14962235460060527
5.386092282848956,0.1511016752109999
5.386092282848956,0.15259176149548587
5.386092282848956,0.1540927155597231
5.386092282848956,0.15560464243042954
5.386092282848956,0.157127650033827
5.386092282848956,0.1586618491735816
5.386092282848956,0.16020735350811924
5.386092282848956,0.16176427952700448
5.386092282848956,0.16333274652704508
5.386092282848956,0.16491287658723647
5.386092282848956,0.16650479454327202
5.386092282848956,0.16810862796119994
5.386092282848956,0.1697245071102619
5.386092282848956,0.17135256493502404
5.386092282848956,0.17299293702663865
5.386092282848956,0.17464576159325812
5.386092282848956,0.17631117942960622
5.386092282848956,0.1779893338857498
5.386092282848956,0.17968037083476696
5.386092282848956,0.1813844386397055
5.386092282848956,0.18310168811940664
5.386092282848956,0.18483227251357262
5.386092282848956,0.18657634744659163
5.386092282848956,0.18833407089043078
5.386092282848956,0.1901056031266436
5.386092282848956,0.19189110670701578
5.386092282848956,0.1936907464133515
5.386092282848956,0.19550468921592282
5.386092282848956,0.19733310423099504
5.386092282848956,0.19917616267696497
5.386092282848956,0.20103403782938264
5.386092282848956,0.20290690497472114
5.386092282848956,0.2047949413629092
5.386092282848956,0.20669832615848147
5.386092282848956,0.20861724039049764
5.386092282848956,0.21055186690102554
5.386092282848956,0.2125023902922752
5.386092282848956,0.2144689968723509
5.386092282848956,0.21645187459949788
5.386092282848956,0.21845121302484052
5.386092282848956,0.22046720323373797
5.386092282848956,0.22250003778547295
5.386092282848956,0.22454991065140598
5.386092282848956,0.22661701715158264
5.386092282848956,0.22870155388964353
5.386092282848956,0.23080371868602462
5.386092282848956,0.23292371050958355
5.386092282848956,0.23506172940742173
5.386092282848956,0.23721797643289863
5.386092282848956,0.2393926535720043
5.386092282848956,0.24158596366764795
5.386092282848956,0.2437981103424944
5.386092282848956,0.24602929791942374
5.386092282848956,0.24827973134050865
5.386092282848956,0.25054961608380605
5.386092282848956,0.2528391580782488
5.386092282848956,0.2551490404435004
5.386092282848956,0.25748030099174724
5.386092282848956,0.2598330199583544
5.386092282848956,0.26220726990647875
5.386092282848956,0.2646031396366351
5.386092282848956,0.26702073401301946
5.386092282848956,0.26946017378326664
5.386092282848956,0.2719215953915
5.386092282848956,0.2744051507844144
5.386092282848956,0.2769110072101654
5.386092282848956,0.2794393470100258
5.386092282848956,0.28199036740243105
5.386092282848956,0.2845642802592364
5.386092282848956,0.2871613118742157
5.386092282848956,0.2897817027230998
5.386092282848956,0.2924257072153921
5.386092282848956,0.29509359343753094
5.372503171016342,0.2977856428870237
5.372503171016342,0.30050215019764304
5.372503171016342,0.3032434228550727
5.372503171016342,0.3060097809029411
5.372503171016342,0.30880155663907183
5.372503171016342,0.3116190943013309
5.372503171016342,0.3144627497432821
5.372503171016342,0.31733289009886373
5.372503171016342,0.3202298934362563
5.372503171016342,0.3231541484003407
5.372503171016342,0.3261060538436648
5.372503171016342,0.3290860184454017
5.372503171016342,0.3320944603183816
5.372503171016342,0.33513180660347075
5.372503171016342,0.33819849305131533
5.372503171016342,0.34129496359112016
5.372503171016342,0.34442166988598577
5.372503171016342,0.34757907087481776
5.372503171016342,0.35076763230032165
5.372503171016342,0.35398782622285097
5.372503171016342,0.3572401305199196
5.372503171016342,0.360525028371115
5.372503171016342,0.36384300772802847
5.372503171016342,0.367194560769236
5.372503171016342,0.3705801833398338
5.372503171016342,0.374000374375626
5.372503171016342,0.3774556353114486
5.372503171016342,0.3809464694738135
5.372503171016342,0.38447338145749305
5.372503171016342,0.38803687648602636
5.372503171016342,0.39163745975610065
5.372503171016342,0.39527563576566893
5.372503171016342,0.3989519076258511
5.372503171016342,0.40266677635661324
5.372503171016342,0.40642074016622937
5.372503171016342,0.4102142937147577
5.372503171016342,0.41404792736143686
5.372503171016342,0.417922126396482
5.372503171016342,0.421837370257207
5.372503171016342,0.4257941317290158
5.372503171016342,0.42979287613144357
5.372503171016342,0.4338340604897086
5.372503171016342,0.43791813269223684
5.372503171016342,0.44204553063472596
5.372503171016342,0.44621668135122816
5.372503171016342,0.45043200013308515
5.372503171016342,0.454691889636305
5.372503171016342,0.45899673897834775
5.372503171016342,0.4633469228250874
5.372503171016342,0.46774280046907485
5.372503171016342,0.4721958099925835
5.372503171016342,0.4767157109678299
5.372503171016342,0.48129966241180827
5.372503171016342,0.4859450771393322
5.372503171016342,0.49064961955261327
5.372503171016342,0.4954112013241553
5.372503171016342,0.5002279767583621
5.372503171016342,0.505098337841833
5.372503171016342,0.5100209089912673
5.372503171016342,0.5149945415068822
5.372503171016342,0.5200183077382614
5.372503171016342,0.5250914949684693
5.372503171016342,0.5302135990211652
5.372503171016342,0.5353843175945747
5.372503171016342,0.5406035433249845
5.372503171016342,0.5458713565816952
5.372503171016342,0.5511880179942689
5.372503171016342,0.5565539607122314
5.372503171016342,0.5619697823965831
5.372503171016342,0.5674362369418741
5.372503171016342,0.5729542259271283
5.372503171016342,0.5785247897935012
5.372503171016342,0.5841490987463914
5.372503171016342,0.5898284433797673
5.372503171016342,0.5955642250205196
5.372503171016342,0.6013579457912408
5.372503171016342,0.6072111983903009
5.372503171016342,0.6131256555890999
5.372503171016342,0.6191030594474349
5.372503171016342,0.6251452102494637
5.372503171016342,0.6312539551643279
5.372503171016342,0.6374311766376355
5.372503171016342,0.6436787805223266
5.372503171016342,0.6499986839599751
5.372503171016342,0.6563928030267626
5.372503171016342,0.6628630401613576
5.372503171016342,0.6694112713957799
5.372503171016342,0.6760393334139908
5.372503171016342,0.6827490104672157
5.372503171016342,0.6895420211793429
5.372503171016342,0.6964200052803531
5.372503171016342,0.7033845103104998
5.372503171016342,0.7104369783428895
5.372503171016342,0.7175787327770597
5.372503171016342,0.7248109652611364
5.372503171016342,0.7321347228050393
5.372503171016342,0.7395508951520202
5.372503171016342,0.7470602024802385
5.372503171016342,0.7546631835103546
5.372503171016342,0.7623601840987808
5.372503171016342,0.7701513463994822
5.372503171016342,0.7780365986796933
5.372503171016342,0.7860156458766958
5.372503171016342,0.7940879609837367
5.372503171016342,0.8022527773529599
5.372503171016342,0.8105090820021219
5.372503171016342,0.8188556100094525
5.372503171016342,0.8272908400774674
5.372503171016342,0.8358129913415585
5.372503171016342,0.844420021493
5.372503171016342,0.8531096262784509
5.372503171016342,0.861879240428984
5.372503171016342,0.8707260400615822
5.372503171016342,0.8796672486430813
5.372503171016342,0.8887473908722328
5.372503171016342,0.8979495901714677
5.372503171016342,0.9072572168587514
5.372503171016342,0.9166573826326637
5.372503171016342,0.9261406121275578
5.372503171016342,0.9357005075936962
5.372503171016342,0.9453334103324229
5.372503171016342,0.9550380617148777
5.372503171016342,0.9648152659729189
5.372503171016342,0.9746675564744142
5.372503171016342,0.9845988668777305
5.372503171016342,0.9946142083937488
5.372503171016342,1.0047193543550537
5.372503171016342,1.0149205333845002
5.372503171016342,1.0252241326486058
5.372503171016342,1.0356364129510953
5.372503171016342,1.0461632377410635
5.372503171016342,1.0568098184482468
5.372503171016342,1.0675804788819132
5.372503171016342,1.0784784417059268
5.372503171016342,1.0895056401960532
5.372503171016342,1.1006625585642336
5.386092282848956,1.111948104069474
5.386092282848956,1.1233595139033716
5.386092282848956,1.1348922994264758
5.386092282848956,1.1465402297358103
5.386092282848956,1.1582953557738271
5.386092282848956,1.170148075267058
5.386092282848956,1.1820891675098006
5.386092282848956,1.1941460071650096
5.386092282848956,1.206327279403597
5.386092282848956,1.2186336799979915
5.386092282848956,1.2310710417573183
5.386092282848956,1.2436480469040165
5.386092282848956,1.2563742177348987
5.386092282848956,1.2692582117885525
5.386092282848956,1.2823064489561662
5.386092282848956,1.2955429157475962
5.386092282848956,1.3090167680634228
5.386092282848956,1.3226680429427087
5.386092282848956,1.3364809924049335
5.386092282848956,1.3504827529147867
5.386092282848956,1.364727563142052
5.386092282848956,1.3792837923394983
5.4,1.3942239648068981
5.4,1.409618095986773
5.4,1.4255308266717739
5.4,1.442022984612289
5.4,1.4591598557421108
5.4,1.4771291758051812
5.4,1.4962025596265078
5.4,1.5168119080947604
5.4,1.539649191711205
5.4,1.5658202303292823
5.386092282848956,1.5972884176900533
5.359246835082731,1.6385521785872197
5.309864413308432,1.7021819858950091
5.196681926843367,1.8422977238405556
5.196681926843367,2.897792620852684
