b,alpha
34.735,4.712160915387242e-8
34.66,0.0005772295135178819
34.56,0.0011571765308359308
34.485,0.0017398600782112627
34.41,0.002325299302616536
34.335,0.0029135135121256075
34.235,0.003504522216194569
34.16,0.004098345110351892
34.085,0.004695002079496465
34.01,0.005294513204070477
33.91,0.005896898751087863
33.835,0.006502179180657918
33.76,0.007110375140032433
33.685,0.007721507468138472
33.585,0.008335597192098613
33.51,0.008952665528239328
33.435,0.009572733882070606
33.36,0.010195823845621503
33.26,0.01082195771051997
33.185,0.01145115787372552
33.11,0.012083446268046931
33.035,0.01271884508740734
32.935,0.013357376786255535
32.86,0.0139990640799441
32.785,0.014643929943718716
32.71,0.015291997613039586
32.61,0.015943290582770695
32.535,0.01659783260634554
32.46,0.017255647695917364
32.385,0.017916760121967412
32.285,0.018581194412483317
32.21,0.01924897535222969
32.135,0.01992012798301238
32.06,0.020594677602355924
31.96,0.021272649763792395
31.885,0.021954070275751126
31.81,0.02263896520135591
31.735,0.02332736085743248
31.635,0.024019283814499654
31.56,0.024714760895563466
31.485,0.025413819176487655
31.41,0.02611648598419932
31.31,0.026822788896952745
31.235,0.027532755743486056
31.16,0.028246414601717975
31.085,0.028963793799289997
30.985,0.029684921912000405
30.91,0.030409827763178656
30.835,0.031138540423586165
30.76,0.031871089209659274
30.685,0.032607503683884605
30.585,0.03334781365563757
30.51,0.03409205268006894
30.435,0.034840253648582696
30.36,0.03559244644029319
30.26,0.03634866138387305
30.185,0.037108929257016615
30.11,0.03787328128501309
30.035,0.038641749140439656
29.935,0.039414364941569656
29.86,0.04019116125199946
29.785,0.040972171079062786
29.71,0.04175742787316057
29.61,0.04254696552648827
29.535,0.043340818372097044
29.46,0.044139021182558816
29.385,0.04494160916904203
29.31,0.04574861797997942
29.21,0.04656008369997955
29.135,0.04737604284852051
29.06,0.04819653237844583
28.985,0.04902158967526367
28.885,0.0498512525550363
28.81,0.050685559263752775
28.735,0.0515245484753841
28.66,0.05236825929078842
28.585,0.05321673123596272
28.485,0.05407000426091128
28.41,0.054928118737542636
28.335,0.05579111545869765
28.26,0.0566590356362488
28.16,0.057531920899313735
28.085,0.05840981329288111
28.01,0.05929275527576365
27.935,0.060180789719032526
27.86,0.06107395990420183
27.76,0.06197230952116103
27.685,0.06287588266650962
27.61,0.06378472384150699
27.535,0.06469887795002029
27.435,0.06561839029664865
27.36,0.06654330658445422
27.285,0.06747367291288982
27.21,0.06840953577567913
27.135,0.06935094205864825
27.035,0.07029793903703008
26.96,0.07125057437368856
26.885,0.07220889611639289
26.81,0.07317295342011862
26.735,0.07414281576319345
26.635,0.07511853957742651
26.56,0.07610017191198211
26.485,0.07708776080518856
26.41,0.07808135528150935
26.31,0.0790810053482103
26.235,0.08008676199205876
26.16,0.08109867717598065
26.085,0.08211680383544355
26.01,0.08314119587495387
25.91,0.08417190816441297
25.835,0.08520899653510067
25.76,0.08625251777614766
25.685,0.08730252963008558
25.61,0.0883590907892027
25.51,0.08942226089097191
25.435,0.09049210051388447
25.36,0.09156867117316997
25.285,0.09265203531580421
25.21,0.09374225631622664
25.11,0.09483939847150438
25.035,0.0959435269961414
24.96,0.09705470801729926
24.885,0.09817300856953125
24.81,0.09929849658938147
24.735,0.1004312409099987
24.635,0.10157131125563064
24.56,0.10271877823571249
24.485,0.10387371333900056
24.41,0.10503618892768998
24.335,0.10620627823108977
24.235,0.10738405533922779
24.16,0.10856959519644303
24.085,0.10976297359466865
24.01,0.11096426716656022
23.935,0.11217355337850088
23.86,0.11339091052342402
23.76,0.11461641771332402
23.685,0.11585015487180184
23.61,0.11709220272629892
23.535,0.11834264280015107
23.46,0.11960155740430888
23.36,0.12086902962926013
23.285,0.12214514333619013
23.21,0.12342998314842443
23.135,0.12472363444228896
23.06,0.12602618333813634
22.985,0.12733771669062338
22.885,0.12865832207935662
22.81,0.12998808779880913
22.735,0.13132710284820556
22.66,0.1326754569212766
22.585,0.13403324039551265
22.51,0.13540054432141393
22.41,0.13677746041111646
22.335,0.1381640811660292
22.26,0.1395605950739183
22.185,0.14096716534017553
22.11,0.14238387000239877
22.035,0.1438107901694626
21.96,0.14524801000468013
21.86,0.14669561670847664
21.785,0.14815370050037924
21.71,0.14962235460060527
21.635,0.1511016752109999
21.56,0.15259176149548587
21.485,0.1540927155597231
21.41,0.15560464243042954
21.31,0.157127650033827
21.235,0.1586618491735816
21.16,0.16020735350811924
21.085,0.16176427952700448
21.01,0.16333274652704508
20.935,0.16491287658723647
20.86,0.16650479454327202
20.785,0.16810862796119994
20.685,0.1697245071102619
20.61,0.17135256493502404
20.535,0.17299293702663865
20.46,0.17464576159325812
20.385,0.17631117942960622
20.31,0.1779893338857498
20.235,0.17968037083476696
20.16,0.1813844386397055
20.06,0.18310168811940664
19.985,0.18483227251357262
19.91,0.18657634744659163
19.835,0.18833407089043078
19.76,0.1901056031266436
19.685,0.19189110670701578
19.61,0.1936907464133515
19.535,0.19550468921592282
19.46,0.19733310423099504
19.385,0.19917616267696497
19.285,0.20103403782938264
19.21,0.20290690497472114
19.135,0.2047949413629092
19.06,0.20669832615848147
18.985,0.20861724039049764
18.91,0.21055186690102554
18.835,0.2125023902922752
18.76,0.2144689968723509
18.685,0.21645187459949788
18.61,0.21845121302484052
18.535,0.22046720323373797
18.46,0.22250003778547295
18.36,0.22454991065140598
18.285,0.22661701715158264
18.21,0.22870155388964353
18.135,0.23080371868602462
18.06,0.23292371050958355
17.985,0.23506172940742173
17.91,0.23721797643289863
17.835,0.2393926535720043
17.76,0.24158596366764795
17.685,0.2437981103424944
17.61,0.24602929791942374
17.535,0.24827973134050865
17.46,0.25054961608380605
17.385,0.2528391580782488
17.31,0.2551490404435004
17.235,0.25748030099174724
17.16,0.2598330199583544
17.085,0.26220726990647875
17.01,0.2646031396366351
16.935,0.26702073401301946
16.86,0.26946017378326664
16.785,0.2719215953915
16.71,0.2744051507844144
16.635,0.2769110072101654
16.56,0.2794393470100258
16.485,0.28199036740243105
16.41,0.2845642802592364
16.335,0.2871613118742157
16.26,0.2897817027230998
16.185,0.2924257072153921
16.11,0.29509359343753094
16.035,0.2977856428870237
15.96,0.30050215019764304
15.885,0.3032434228550727
15.81,0.3060097809029411
15.735,0.30880155663907183
15.66,0.3116190943013309
15.585,0.3144627497432821
15.51,0.31733289009886373
15.435,0.3202298934362563
15.36,0.3231541484003407
15.285,0.3261060538436648
15.21,0.3290860184454017
15.16,0.3320944603183816
15.085,0.33513180660347075
15.01,0.33819849305131533
14.935,0.34129496359112016
14.86,0.34442166988598577
14.785,0.34757907087481776
14.71,0.35076763230032165
14.635,0.35398782622285097
14.56,0.3572401305199196
14.485,0.360525028371115
14.435,0.36384300772802847
14.36,0.367194560769236
14.285,0.3705801833398338
14.21,0.374000374375626
14.135,0.3774556353114486
14.06,0.3809464694738135
13.985,0.38447338145749305
13.935,0.38803687648602636
13.86,0.39163745975610065
13.785,0.39527563576566893
13.71,0.3989519076258511
13.635,0.40266677635661324
13.56,0.40642074016622937
13.51,0.4102142937147577
13.435,0.41404792736143686
13.36,0.417922126396482
13.285,0.421837370257207
13.235,0.4257941317290158
13.16,0.42979287613144357
13.085,0.4338340604897086
13.01,0.43791813269223684
12.935,0.44204553063472596
12.885,0.44621668135122816
12.81,0.45043200013308515
12.735,0.454691889636305
12.685,0.45899673897834775
12.61,0.4633469228250874
12.535,0.46774280046907485
12.46,0.4721958099925835
12.41,0.4767157109678299
12.335,0.48129966241180827
12.26,0.4859450771393322
12.21,0.49064961955261327
12.135,0.4954112013241553
12.085,0.5002279767583621
12.01,0.505098337841833
11.935,0.5100209089912673
11.885,0.5149945415068822
11.81,0.5200183077382614
11.76,0.5250914949684693
11.685,0.5302135990211652
11.61,0.5353843175945747
11.56,0.5406035433249845
11.485,0.5458713565816952
11.435,0.5511880179942689
11.36,0.5565539607122314
11.31,0.5619697823965831
11.235,0.5674362369418741
11.185,0.5729542259271283
11.11,0.5785247897935012
11.06,0.5841490987463914
10.985,0.5898284433797673
10.935,0.5955642250205196
10.86,0.6013579457912408
10.81,0.6072111983903009
10.735,0.6131256555890999
10.685,0.6191030594474349
10.635,0.6251452102494637
10.56,0.6312539551643279
10.51,0.6374311766376355
10.435,0.6436787805223266
10.385,0.6499986839599751
10.335,0.6563928030267626
10.26,0.6628630401613576
10.21,0.6694112713957799
10.16,0.6760393334139908
10.085,0.6827490104672157
10.035,0.6895420211793429
9.985,0.6964200052803531
9.935,0.7033845103104998
9.86,0.7104369783428895
9.81,0.7175787327770597
9.76,0.7248109652611364
9.71,0.7321347228050393
9.66,0.7395508951520202
9.585,0.7470602024802385
9.535,0.7546631835103546
9.485,0.7623601840987808
9.435,0.7701513463994822
9.385,0.7780365986796933
9.335,0.7860156458766958
9.285,0.7940879609837367
9.235,0.8022527773529599
9.185,0.8105090820021219
9.135,0.8188556100094525
9.085,0.8272908400774674
9.035,0.8358129913415585
8.985,0.844420021493
8.935,0.8531096262784509
8.885,0.861879240428984
8.86,0.8707260400615822
8.81,0.8796672486430813
8.76,0.8887473908722328
8.71,0.8979495901714677
8.66,0.9072572168587514
8.635,0.9166573826326637
8.585,0.9261406121275578
8.535,0.9357005075936962
8.485,0.9453334103324229
8.46,0.9550380617148777
8.41,0.9648152659729189
8.36,0.9746675564744142
8.335,0.9845988668777305
8.285,0.9946142083937488
8.235,1.0047193543550537
8.21,1.0149205333845002
8.16,1.0252241326486058
8.11,1.0356364129510953
8.085,1.0461632377410635
8.035,1.0568098184482468
8.01,1.0675804788819132
7.96,1.0784784417059268
7.935,1.0895056401960532
7.885,1.1006625585642336
7.86,1.111948104069474
7.81,1.1233595139033716
7.785,1.1348922994264758
7.735,1.1465402297358103
7.71,1.1582953557738271
7.66,1.170148075267058
7.635,1.1820891675098006
7.585,1.1941460071650096
7.56,1.206327279403597
7.51,1.2186336799979915
7.485,1.2310710417573183
7.435,1.2436480469040165
7.41,1.2563742177348987
7.36,1.2692582117885525
7.31,1.2823064489561662
7.285,1.2955429157475962
7.235,1.3090167680634228
7.185,1.3226680429427087
7.135,1.3364809924049335
7.085,1.3504827529147867
7.01,1.364727563142052
6.96,1.3792837923394983
6.885,1.3942239648068981
6.81,1.409618095986773
6.735,1.4255308266717739
6.66,1.442022984612289
6.56,1.4591598557421108
6.435,1.4771291758051812
6.31,1.4962025596265078
6.16,1.5168119080947604
6.01,1.539649191711205
5.835,1.5658202303292823
5.635,1.5972884176900533
5.41,1.6385521785872197
5.135,1.7021819858950091
4.935,1.8422977238405556
4.71,2.897792620852684
