2.25517299161785,3.96,3.97
2.272645175787611,3.63,3.64,3.93,4.01,4.33,4.34
2.290528023380451,3.5,3.51,3.61,3.66,3.7,3.75,3.78,3.79,3.81,3.83,3.84,3.85,3.87,4.03,4.05,4.13,4.14,4.17,4.18,4.21,4.22,4.27,4.31,4.36,4.49,4.51
2.308833475368758,3.43,3.44,3.48,3.68,3.69,4.4,4.45,4.53
2.327573337134268,3.39,3.45,3.46,4.65,4.67,4.68,4.71,4.72,4.73,4.74
2.3467591987584515,3.17,3.18,3.31,3.34,3.35,4.69,4.7,4.77,4.85,4.86
2.36640234511941,3.1,3.12,3.13,3.14,3.15,4.88,4.89,4.9,4.91,4.92,4.93,4.94
2.386513655231066,3.07,4.98,5.07,5.08
2.4071034903648636,2.96,2.97,2.99,3.0,3.02,5.09
2.4281815706385332,2.92,5.12,5.14,5.15,5.17,5.18
2.4497568399465686,2.78,2.79,2.89,5.21
2.471837319348561,2.77,2.82,2.84,5.32,5.4,5.41
2.4944299493291506,2.76,5.34,5.38,5.43
2.5175404217005757,2.75,5.35,5.36,5.45
2.5411730023368024,2.59,2.6,2.73,5.49,5.58,5.59
2.5653303464053514,2.58,2.62,2.71,5.6
2.5900133082937997,2.57,5.61
2.615220749002108,2.56,5.62,5.67,5.68
2.640949344373829,2.53,2.54,2.55,5.63,5.65,5.7
2.6671933981467384,2.51,5.72,5.73,5.74
2.6939446643880904,2.48,5.77,5.79,5.84
2.7211921844067257,2.44,5.84
2.748922143663317,2.37,2.38,2.4,2.42,2.44,5.88
2.7771177544871666,2.36,5.88,5.9,5.92
2.80575917050775,2.31,2.32,2.34,2.35,2.36,5.95
2.834823438578154,2.3,2.32,2.33,5.96
2.8642844935691674,2.29,5.96,5.97,5.98
2.8941132007202035,2.28,5.99,6.01,6.02,6.03,6.04
2.9242774492365498,2.27,5.99,6.0,6.05
2.9547422995301686,2.25,6.06
2.9854701849458056,2.22,6.06
3.016421167050534,2.22,6.06
3.0475532416723334,2.22,6.07
3.078822690948687,2.22,6.07,6.12,6.13
3.1101844748000573,2.22,6.07,6.09,6.1,6.12,6.13
