b,alpha
5.26719667841031,0.005758708743792272
5.26719667841031,0.011517066967417396
5.26719667841031,0.01727474416774362
5.26719667841031,0.023031410088319514
5.26719667841031,0.028786734841309565
5.26719667841031,0.03454038902576462
5.26719667841031,0.04029204384845649
5.26719667841031,0.04604137124155877
5.26719667841031,0.05178804398200844
5.26719667841031,0.057531735808640815
5.26719667841031,0.06327212153847417
5.26719667841031,0.06900887718296009
5.26719667841031,0.07474168006221307
5.26719667841031,0.08047020891874636
5.26719667841031,0.08619414402936602
5.26719667841031,0.09191316731620534
5.26719667841031,0.09762696245619559
5.26719667841031,0.10333521498846313
5.26719667841031,0.10903761242115666
5.26719667841031,0.11473384433532284
5.26719667841031,0.12042360248803899
5.26719667841031,0.12610658091296062
5.26719667841031,0.1317824760193232
5.26719667841031,0.13745098668865058
5.26719667841031,0.14311181436958778
5.26719667841031,0.1487646631703347
5.26719667841031,0.15440923994910147
5.26719667841031,0.16004525440200926
5.26719667841031,0.16567241914885897
5.26719667841031,0.17129044981636932
5.26719667841031,0.176899065119037
5.26719667841031,0.18249798693743263
5.26719667841031,0.18808694039395796
5.26719667841031,0.19366565392617446
5.26719667841031,0.19923385935718274
5.26719667841031,0.2047912919637764
5.26719667841031,0.2103376905415811
5.26719667841031,0.21587279746761864
5.26719667841031,0.22139635876017993
5.26719667841031,0.22690812413594016
5.26719667841031,0.23240784706421747
5.26719667841031,0.23789528481870295
5.26719667841031,0.24337019852610023
5.26719667841031,0.24883235321233083
5.26719667841031,0.2542815178456646
5.26719667841031,0.25971746537729934
5.26719667841031,0.2651399727791173
5.26719667841031,0.27054882107855854
5.26719667841031,0.2759437953909704
5.26719667841031,0.2813246849490747
5.26719667841031,0.2866912831298007
5.26719667841031,0.29204338747839864
5.26719667841031,0.2973807997299198
5.26719667841031,0.3027033258280314
5.26719667841031,0.30801077594130544
5.26719667841031,0.31330296447682543
5.26719667841031,0.31857971009135305
5.26719667841031,0.3238408356999334
5.26719667841031,0.3290861684820563
5.26719667841031,0.334315539885465
5.26719667841031,0.33952878562742467
5.26719667841031,0.3447257456938531
5.26719667841031,0.34990626433601446
5.26719667841031,0.3550701900650314
5.26719667841031,0.36021737564421813
5.26719667841031,0.3653476780792496
5.26719667841031,0.37046095860623823
5.26719667841031,0.37555708267778276
5.26719667841031,0.38063591994705614
5.26719667841031,0.3856973442499208
5.26719667841031,0.39074123358516466
5.26719667841031,0.39576747009303714
5.26719667841031,0.40077594003180594
5.26719667841031,0.40576653375283706
5.26719667841031,0.41073914567389663
5.26719667841031,0.4156936742508672
5.26719667841031,0.4206300219479958
5.26719667841031,0.42554809520661874
5.26719667841031,0.4304478044124718
5.26719667841031,0.4353290638616911
5.26719667841031,0.44019179172543343
5.26719667841031,0.44503591001334264
5.26719667841031,0.44986134453577026
5.26719667841031,0.45466802486487706
5.26719667841031,0.459455884294706
5.26719667841031,0.46422485980016254
5.26719667841031,0.46897489199514236
5.26719667841031,0.47370592508963466
5.26719667841031,0.47841790684606533
5.26719667841031,0.48311078853480816
5.26719667841031,0.4877845248889415
5.26719667841031,0.492439074058349
5.26719667841031,0.4970743975631403
5.26719667841031,0.5016904602464903
5.26719667841031,0.5062872302269547
5.26719667841031,0.5108646788502841
5.26719667841031,0.515422780640773
5.26719667841031,0.5199615132522287
5.26719667841031,0.5244808574185821
5.26719667841031,0.5289807969041798
5.26719667841031,0.5334613184538227
5.26719667841031,0.5379224117425575
5.26719667841031,0.5423640693253139
5.26719667841031,0.546786286586352
5.26719667841031,0.5511890616886558
5.26719667841031,0.5555723955232151
5.26719667841031,0.5599362916582922
5.26719667841031,0.5642807562886969
5.26719667841031,0.5686057981850823
5.26719667841031,0.5729114286433242
5.26719667841031,0.577197661433981
5.26719667841031,0.5814645127519208
5.26719667841031,0.585712001166064
5.26719667841031,0.5899401475693503
5.26719667841031,0.5941489751288981
5.26719667841031,0.5983385092364442
5.26719667841031,0.6025087774589779
5.26719667841031,0.6066598094897655
5.26719667841031,0.6107916370995847
5.26719667841031,0.61490429408837
5.26719667841031,0.6189978162372051
5.26719667841031,0.6230722412606243
5.26719667841031,0.6271276087594179
5.26719667841031,0.6311639601737391
5.26719667841031,0.6351813387367334
5.26719667841031,0.6391797894285419
5.26719667841031,0.6431593589308017
5.26719667841031,0.6471200955816175
5.26719667841031,0.651062049330997
5.26719667841031,0.6549852716968195
5.26719667841031,0.6588898157212801
5.26719667841031,0.6627757359278745
5.26719667841031,0.6666430882789108
5.26719667841031,0.6704919301335484
5.26719667841031,0.6743223202064051
5.26719667841031,0.678134318526708
5.26719667841031,0.6819279863979844
5.26719667841031,0.6857033863583626
5.26719667841031,0.6894605821414017
5.26719667841031,0.6931996386375465
5.26719667841031,0.6969206218561
5.26719667841031,0.700623598887843
5.26719667841031,0.7043086378682032
5.26719667841031,0.70797580794103
5.26719667841031,0.7116251792229543
5.26719667841031,0.7152568227683391
5.26719667841031,0.7188708105348259
5.26719667841031,0.7224672153494883
5.26719667841031,0.7260461108755534
5.26719667841031,0.7296075715797328
5.26719667841031,0.7331516727001527
5.26719667841031,0.7366784902148453
5.26719667841031,0.7401881008108684
5.26719667841031,0.7436805818539717
5.26719667841031,0.7471560113588771
5.26719667841031,0.750614467960132
5.26719667841031,0.7540560308835207
5.26719667841031,0.7574807799180896
5.26719667841031,0.7608887953886935
5.26719667841031,0.7642801581291613
5.26719667841031,0.7676549494559808
5.26719667841031,0.7710132511425611
5.26719667841031,0.7743551453940452
5.26719667841031,0.7776807148226782
5.26719667841031,0.7809900424236925
5.26719667841031,0.784283211551771
5.26719667841031,0.7875603058980023
5.26719667841031,0.7908214094673898
5.26719667841031,0.7940666065568678
5.26719667841031,0.7972959817338376
5.26719667841031,0.8005096198152087
5.26719667841031,0.803707605846956
5.26719667841031,0.8068900250841448
5.26719667841031,0.8100569629714828
5.26719667841031,0.8132085051243195
5.26719667841031,0.8163447373101519
5.26719667841031,0.8194657454305828
5.26719667841031,0.8225716155037526
5.26719667841031,0.8256624336472255
5.26719667841031,0.8287382860613163
5.26719667841031,0.8317992590128886
5.26719667841031,0.8348454388195565
5.26719667841031,0.8378769118343392
5.26719667841031,0.8408937644307304
5.26719667841031,0.8438960829881985
5.26719667841031,0.8468839538780649
5.26719667841031,0.8498574634498257
5.26719667841031,0.8528166980178443
5.26719667841031,0.8557617438484343
5.26719667841031,0.8586926871473429
5.26719667841031,0.8616096140475944
5.26719667841031,0.8645126105977097
5.26719667841031,0.8674017627502895
5.26719667841031,0.870277156350953
5.26719667841031,0.8731388771276327
5.26719667841031,0.875987010680197
5.26719667841031,0.8788216424704351
5.26719667841031,0.8816428578123452
5.26719667841031,0.8844507418627708
5.26719667841031,0.8872453796123454
5.26719667841031,0.890026855876744
5.26719667841031,0.892795255288249
5.26719667841031,0.8955506622876173
5.26719667841031,0.898293161116236
5.277160782648746,0.9010228358085646
5.277160782648746,0.9037397701848685
5.277160782648746,0.9064440478442197
5.277160782648746,0.9091357521577752
5.277160782648746,0.9118149662623145
5.277160782648746,0.9144817730540408
5.277160782648746,0.9171362551826361
5.277160782648746,0.9197784950455619
5.277160782648746,0.9224085747826098
5.277160782648746,0.9250265762706795
5.277160782648746,0.9276325811188006
5.277160782648746,0.9302266706633767
5.277160782648746,0.9328089259636506
5.277160782648746,0.9353794277973975
5.277160782648746,0.937938256656814
5.277160782648746,0.9404854927446342
5.277160782648746,0.943021215970434
5.277160782648746,0.9455455059471477
5.277160782648746,0.9480584419877651
5.277160782648746,0.9505601031022316
5.277160782648746,0.9530505679945287
5.277160782648746,0.9555299150599305
5.277160782648746,0.9579982223824495
5.277160782648746,0.9604555677324453
5.277160782648746,0.9629020285644052
5.277160782648746,0.9653376820148947
5.277160782648746,0.9677626049006601
5.277160782648746,0.9701768737169018
5.277160782648746,0.9725805646356863
5.277160782648746,0.9749737535045175
5.277160782648746,0.9773565158450576
5.277160782648746,0.97972892685198
5.277160782648746,0.9820910613919748
5.277160782648746,0.9844429940028777
5.277160782648746,0.9867847988929461
5.277160782648746,0.9891165499402522
5.277160782648746,0.9914383206922115
5.277160782648746,0.9937501843652331
5.277160782648746,0.9960522138444869
5.277160782648746,0.9983444816837985
5.277160782648746,1.0006270601056444
5.277160782648746,1.0029000210012764
5.277160782648746,1.005163435930945
5.277160782648746,1.0074173761242318
5.277160782648746,1.0096619124804875
5.277160782648746,1.011897115569374
5.277160782648746,1.014123055631504
5.277160782648746,1.016339802579178
5.277160782648746,1.0185474259972174
5.277160782648746,1.020745995143891
5.277160782648746,1.0229355789519308
5.277160782648746,1.0251162460296364
5.277160782648746,1.0272880646620723
5.277160782648746,1.0294511028123368
5.277160782648746,1.0316054281229303
5.277160782648746,1.03375110791719
5.277160782648746,1.035888209200814
5.277160782648746,1.038016798663458
5.277160782648746,1.04013694268041
5.277160782648746,1.042248707314337
5.277160782648746,1.0443521583171071
5.277160782648746,1.0464473611316816
5.277160782648746,1.04853438089408
5.277160782648746,1.0506132824354057
5.277160782648746,1.0526841302839478
5.277160782648746,1.0547469886673457
5.277160782648746,1.0568019215148152
5.277160782648746,1.058848992459443
5.277160782648746,1.0608882648405418
5.277160782648746,1.062919801706065
5.277160782648746,1.0649436658150857
5.277160782648746,1.0669599196403317
5.277160782648746,1.068968625370782
5.277160782648746,1.0709698449143188
5.277160782648746,1.0729636399004383
5.277160782648746,1.0749500716830171
5.277160782648746,1.0769292013431322
5.277160782648746,1.0789010896919415
5.277160782648746,1.0808657972736138
5.277160782648746,1.0828233843683124
5.277160782648746,1.0847739109952361
5.277160782648746,1.0867174369157109
5.277160782648746,1.0886540216363327
5.277160782648746,1.090583724412167
5.277160782648746,1.0925066042499934
5.277160782648746,1.0944227199116106
5.277160782648746,1.0963321299171858
5.277160782648746,1.0982348925486582
5.277160782648746,1.1001310658531964
5.277160782648746,1.1020207076467026
5.277160782648746,1.1039038755173718
5.277160782648746,1.1057806268292993
5.277160782648746,1.1076510187261448
5.277160782648746,1.109515108134841
5.277160782648746,1.111372951769365
5.277160782648746,1.113224606134547
5.277160782648746,1.1150701275299486
5.277160782648746,1.1169095720537787
5.277160782648746,1.1187429956068762
5.277160782648746,1.1205704538967356
5.277160782648746,1.122392002441595
5.277160782648746,1.1242076965745762
5.277160782648746,1.1260175914478798
5.277160782648746,1.1278217420370402
5.277160782648746,1.1296202031452336
5.277160782648746,1.1314130294076492
5.277160782648746,1.1332002752959154
5.277160782648746,1.134981995122588
5.277160782648746,1.1367582430457017
5.277160782648746,1.1385290730733786
5.277160782648746,1.1402945390685062
5.287608799654322,1.1420546947534769
5.287608799654322,1.143809593714994
5.287608799654322,1.1455592894089444
5.287608799654322,1.1473038351653435
5.287608799654322,1.1490432841933467
5.287608799654322,1.1507776895863366
5.287608799654322,1.1525071043270798
5.287608799654322,1.1542315812929647
5.287608799654322,1.1559511732613097
5.287608799654322,1.1576659329147596
5.287608799654322,1.159375912846756
5.287608799654322,1.1610811655670947
5.287608799654322,1.1627817435075682
5.287608799654322,1.1644776990276968
5.287608799654322,1.1661690844205506
5.287608799654322,1.1678559519186607
5.287608799654322,1.169538353700034
5.287608799654322,1.1712163418942585
5.287608799654322,1.1728899685887153
5.287608799654322,1.1745592858348899
5.287608799654322,1.1762243456547967
5.287608799654322,1.1778852000475113
5.287608799654322,1.1795419009958132
5.287608799654322,1.1811945004729545
5.287608799654322,1.1828430504495406
5.287608799654322,1.1844876029005422
5.287608799654322,1.1861282098124328
5.287608799654322,1.1877649231904612
5.287608799654322,1.1893977950660584
5.287608799654322,1.1910268775043902
5.287608799654322,1.1926522226120513
5.287608799654322,1.1942738825449135
5.287608799654322,1.195891909516131
5.287608799654322,1.1975063558043006
5.287608799654322,1.1991172737617986
5.287608799654322,1.2007247158232777
5.287608799654322,1.202328734514353
5.287608799654322,1.2039293824604649
5.287608799654322,1.205526712395935
5.287608799654322,1.2071207771732175
5.287608799654322,1.2087116297723572
5.287608799654322,1.210299323310655
5.287608799654322,1.2118839110525523
5.287608799654322,1.2134654464197443
5.287608799654322,1.2150439830015212
5.287608799654322,1.2166195745653592
5.287608799654322,1.2181922750677552
5.287608799654322,1.2197621386653266
5.287608799654322,1.2213292197261783
5.287608799654322,1.222893572841548
5.287608799654322,1.2244552528377444
5.287608799654322,1.2260143147883817
5.287608799654322,1.2275708140269261
5.287608799654322,1.2291248061595685
5.287608799654322,1.2306763470784274
5.287608799654322,1.2322254929751009
5.287608799654322,1.2337723003545817
5.287608799654322,1.2353168260495428
5.287608799654322,1.2368591272350153
5.287608799654322,1.2383992614434656
5.287608799654322,1.239937286580297
5.287608799654322,1.2414732609397823
5.287608799654322,1.2430072432214516
5.287608799654322,1.2445392925469505
5.287608799654322,1.2460694684773845
5.287608799654322,1.2475978310311755
5.287608799654322,1.2491244407024453
5.287608799654322,1.2506493584799476
5.287608799654322,1.2521726458665767
5.287608799654322,1.2536943648994663
5.298517312823061,1.2552145781707131
5.298517312823061,1.2567333488487424
5.298517312823061,1.2582507407003483
5.298517312823061,1.259766818113433
5.298517312823061,1.2612816461204759
5.298517312823061,1.2627952904227644
5.298517312823061,1.2643078174154156
5.298517312823061,1.2658192942132258
5.298517312823061,1.2673297886773822
5.298517312823061,1.2688393694430742
5.298517312823061,1.2703481059480422
5.298517312823061,1.271856068462108
5.298517312823061,1.2733633281177288
5.298517312823061,1.2748699569416153
5.298517312823061,1.2763760278874734
5.298517312823061,1.2778816148699057
5.298517312823061,1.2793867927995373
5.298517312823061,1.2808916376194128
5.298517312823061,1.2823962263427322
5.298517312823061,1.283900637091976
5.298517312823061,1.2854049491394965
5.298517312823061,1.286909242949634
5.298517312823061,1.2884136002224378
5.298517312823061,1.2899181039390613
5.298517312823061,1.291422838408917
5.298517312823061,1.2929278893186757
5.298517312823061,1.2944333437831945
5.298517312823061,1.2959392903984757
5.298517312823061,1.2974458192967504
5.298517312823061,1.2989530222037977
5.298517312823061,1.3004609924986075
5.298517312823061,1.3019698252755068
5.298517312823061,1.3034796174088767
5.298517312823061,1.3049904676205901
5.298517312823061,1.3065024765503108
5.298517312823061,1.3080157468288092
5.298517312823061,1.3095303831544418
5.298517312823061,1.311046492372974
5.298517312823061,1.3125641835609168
5.298517312823061,1.3140835681125687
5.298517312823061,1.3156047598309657
5.298517312823061,1.3171278750229505
5.298517312823061,1.3186530325985897
5.298517312823061,1.3201803541751806
5.298517312823061,1.3217099641861065
5.309864413308432,1.323241989994811
5.309864413308432,1.324776562014187
5.309864413308432,1.326313813831693
5.309864413308432,1.3278538823405246
5.309864413308432,1.3293969078772006
5.309864413308432,1.3309430343659387
5.309864413308432,1.3324924094702322
5.309864413308432,1.3340451847520507
5.309864413308432,1.3356015158391379
5.309864413308432,1.3371615626008961
5.309864413308432,1.3387254893333898
5.309864413308432,1.3402934649540381
5.309864413308432,1.3418656632066048
5.309864413308432,1.3434422628771394
5.309864413308432,1.3450234480215753
5.309864413308432,1.346609408205734
5.309864413308432,1.3482003387585517
5.309864413308432,1.349796441039396
5.309864413308432,1.3513979227204125
5.309864413308432,1.3530049980849137
5.309864413308432,1.3546178883428956
5.309864413308432,1.356236821964858
5.309864413308432,1.3578620350351938
5.309864413308432,1.3594937716265174
5.309864413308432,1.3611322841964029
5.309864413308432,1.3627778340081365
5.309864413308432,1.3644306915772044
5.309864413308432,1.3660911371453885
5.309864413308432,1.3677594611844934
5.309864413308432,1.3694359649319003
5.321629579302786,1.3711209609603294
5.321629579302786,1.372814773784389
5.321629579302786,1.3745177405067255
5.321629579302786,1.376230211506813
5.321629579302786,1.3779525511757076
5.321629579302786,1.3796851387003644
5.321629579302786,1.3814283689014522
5.321629579302786,1.3831826531289386
5.321629579302786,1.3849484202201112
5.321629579302786,1.386726117525119
5.321629579302786,1.3885162120055863
5.321629579302786,1.3903191914123492
5.321629579302786,1.39213556554894
5.321629579302786,1.3939658676280389
5.321629579302786,1.3958106557287946
5.321629579302786,1.3976705143636505
5.321629579302786,1.3995460561641102
5.321629579302786,1.4014379236957715
5.321629579302786,1.4033467914139022
5.333793566830209,1.4052733677719016
5.333793566830209,1.4072183974961137
5.333793566830209,1.409182664041711
5.333793566830209,1.411166992245704
5.333793566830209,1.4131722511945664
5.333793566830209,1.4151993573255208
5.333793566830209,1.4172492777821568
5.333793566830209,1.419323034046786
5.333793566830209,1.4214217058737224
5.333793566830209,1.4235464355495155
5.333793566830209,1.4256984325079802
5.333793566830209,1.427878978329627
5.333793566830209,1.4300894321567064
5.346338310781813,1.4323312365563867
5.346338310781813,1.4346059238654745
5.346338310781813,1.4369151230502564
5.346338310781813,1.4392605671142404
5.346338310781813,1.441644101084333
5.346338310781813,1.444067690601757
5.346338310781813,1.4465334311370295
5.346338310781813,1.4490435578375744
5.346338310781813,1.4516004560007003
5.346338310781813,1.4542066721419757
5.359246835082731,1.4568649255971786
5.359246835082731,1.459578120551973
5.359246835082731,1.4623493583333547
5.359246835082731,1.4651819497156964
5.359246835082731,1.4680794268854398
5.359246835082731,1.4710455545640455
5.372503171016342,1.4740843395985426
5.372503171016342,1.4772000380806625
5.372503171016342,1.480397158734425
5.372503171016342,1.4836804609016694
5.372503171016342,1.4870549449378752
5.386092282848956,1.490525832190465
5.386092282848956,1.49409853095794
5.386092282848956,1.4977785839227142
5.386092282848956,1.5015715915402934
5.4,1.5054831048223452
5.4,1.5095184800104013
5.4,1.5136826870430846
5.4,1.517980063858498
5.414212955091157,1.5224140100071384
5.414212955091157,1.5269866165243948
5.428718527284763,1.5316982353896778
5.428718527284763,1.5365470019739962
5.428718527284763,1.5415283379868363
5.443504790388732,1.5466344798586535
5.443504790388732,1.5518540957423976
5.458560465263821,1.5571720685907187
5.458560465263821,1.562569526223332
5.473874876120233,1.5680241847433847
5.489437910335499,1.5735110348614512
5.489437910335499,1.5790033443554456
5.505239981465034,1.5844738859392202
5.505239981465034,1.58989624714489
5.52127199515152,1.595246056129808
5.537525317669944,1.6005019739578066
5.537525317669944,1.6056463546171031
5.5539917468721836,1.6106655413221476
5.5539917468721836,1.6155498303786895
5.570663485319021,1.6202931765538622
5.570663485319021,1.624892731210065
5.587533115408756,1.6293483002317874
5.604593576330416,1.6336617913891218
5.604593576330416,1.6378366987480704
5.604593576330416,1.6418776511119901
5.621838142686438,1.6457900353192334
5.621838142686438,1.6495796942463956
5.639260404644602,1.6532526929451903
5.639260404644602,1.656815143325984
5.656854249492381,1.660273077034214
5.656854249492381,1.6636323567085758
5.656854249492381,1.6668986169967746
5.674613844478814,1.670077228111867
5.674613844478814,1.6731732760967213
5.674613844478814,1.6761915552047764
5.692533620839691,1.679136568855955
5.692533620839691,1.6820125364834673
5.692533620839691,1.684823404267538
5.710608258911391,1.6875728582814915
5.710608258911391,1.6902643389811856
5.710608258911391,1.6929010562755433
5.72883267424733,1.6954860046454068
5.72883267424733,1.6980219779478924
5.72883267424733,1.7005115836680647
5.72883267424733,1.7029572564701931
5.747202004658697,1.7053612709657393
5.747202004658697,1.7077257536611028
5.747202004658697,1.7100526940800154
5.747202004658697,1.7123439550770614
5.76571159810809,1.7146012823729233
5.76571159810809,1.7168263133506716
5.76571159810809,1.7190205851573057
5.76571159810809,1.7211855421569298
5.7843570013909265,1.723322542782238
5.7843570013909265,1.7254328658300313
5.7843570013909265,1.7275177162446884
5.7843570013909265,1.729578230431229
5.7843570013909265,1.731615481137025
5.803133949545162,1.7336304819385164
5.803133949545162,1.7356241913665866
5.803133949545162,1.73759751670159
5.803133949545162,1.739551317466493
5.803133949545162,1.7414864086441821
5.803133949545162,1.743403563642743
5.822038355934932,1.7453035170304263
5.822038355934932,1.7471869670600868
5.822038355934932,1.7490545780011097
5.822038355934932,1.7509069822952186
5.822038355934932,1.7527447825510718
5.822038355934932,1.7545685533912168
5.841066302958352,1.7563788431637308
5.841066302958352,1.7581761755297776
5.841066302958352,1.759961050937286
5.841066302958352,1.761733947990051
5.841066302958352,1.763495324720717
5.841066302958352,1.7652456197753639
5.860214033333896,1.7669852535167194
5.860214033333896,1.7687146290524163
5.860214033333896,1.7704341331941464
5.860214033333896,1.7721441373530609
5.860214033333896,1.7738449983762992
5.860214033333896,1.7755370593291193
5.860214033333896,1.7772206502267212
5.860214033333896,1.778896088719505
5.879477941923518,1.7805636807352068
5.879477941923518,1.782223721081051
5.879477941923518,1.7838764940088243
5.879477941923518,1.785522273745518
5.879477941923518,1.787161324991986
5.879477941923518,1.788793903391865
5.879477941923518,1.7904202559728248
5.898854568054189,1.7920406215620603
5.898854568054189,1.793655231177776
5.898854568054189,1.795264308398292
5.898854568054189,1.7968680697102668
5.898854568054189,1.7984667248374226
5.898854568054189,1.8000604770510544
5.898854568054189,1.8016495234635066
5.898854568054189,1.8032340553057153
5.898854568054189,1.8048142581898365
5.918340588302513,1.8063903123578993
5.918340588302513,1.8079623929173625
5.918340588302513,1.8095306700643896
5.918340588302513,1.8110953092955917
5.918340588302513,1.8126564716089493
5.918340588302513,1.8142143136945612
5.918340588302513,1.8157689881158308
5.918340588302513,1.8173206434816596
5.918340588302513,1.8188694246101726
5.937932809710092,1.820415472684475
5.937932809710092,1.8219589254008934
5.937932809710092,1.8234999171101387
5.937932809710092,1.8250385789517893
5.937932809710092,1.826575038982471
5.937932809710092,1.8281094222980856
5.937932809710092,1.8296418511504173
5.937932809710092,1.8311724450584284
5.937932809710092,1.8327013209145273
5.937932809710092,1.8342285930860849
5.957628163399705,1.8357543735124546
5.957628163399705,1.8372787717977297
5.957628163399705,1.8388018952994671
5.957628163399705,1.8403238492135865
5.957628163399705,1.8418447366556419
5.957628163399705,1.843364658738654
5.957628163399705,1.8448837146476804
5.957628163399705,1.846402001711282
5.957628163399705,1.8479196154700492
5.957628163399705,1.8494366497423307
5.957628163399705,1.850953196687302
5.977423698564871,1.8524693468655087
5.977423698564871,1.8539851892970003
5.977423698564871,1.855500811517181
5.977423698564871,1.8570162996304762
5.977423698564871,1.8585317383619275
5.977423698564871,1.8600472111068078
5.977423698564871,1.8615627999783557
5.977423698564871,1.8630785858537096
5.977423698564871,1.8645946484181322
5.977423698564871,1.8661110662075968
5.977423698564871,1.8676279166498173
5.997316576807412,1.869145276103786
5.997316576807412,1.8706632198978905
5.997316576807412,1.872181822366672
5.997316576807412,1.8737011568862854
5.997316576807412,1.8752212959087158
5.997316576807412,1.8767423109948125
5.997316576807412,1.8782642728461845
5.997316576807412,1.8797872513360108
5.997316576807412,1.881311315538812
5.997316576807412,1.8828365337592254
5.997316576807412,1.8843629735598295
5.997316576807412,1.8858907017880528
5.997316576807412,1.8874197846022103
6.0173040667996185,1.8889502874967008
6.0173040667996185,1.8904822753264012
6.0173040667996185,1.892015812330291
6.0173040667996185,1.8935509621543343
6.0173040667996185,1.8950877878736572
6.0173040667996185,1.8966263520140427
6.0173040667996185,1.8981667165727734
6.0173040667996185,1.899708943038843
6.0173040667996185,1.9012530924125732
6.0173040667996185,1.902799225224646
6.0173040667996185,1.9043474015545812
6.0173040667996185,1.9058976810486812
6.0173040667996185,1.907450122937462
6.037383539249433,1.90900478605259
6.037383539249433,1.9105617288433445
6.037383539249433,1.9121210093926218
6.037383539249433,1.9136826854325024
6.037383539249433,1.9152468143593948
6.037383539249433,1.916813453248771
6.037383539249433,1.9183826588695108
6.037383539249433,1.9199544876978678
6.037383539249433,1.9215289959310757
6.037383539249433,1.9231062395005998
6.037383539249433,1.924686274085054
6.037383539249433,1.9262691551227917
6.037383539249433,1.9278549378241836
6.037383539249433,1.9294436771835937
6.037383539249433,1.931035427991063
6.05755246214865,1.9326302448437143
6.05755246214865,1.9342281821568814
6.05755246214865,1.9358292941749835
6.05755246214865,1.9374336349821402
6.05755246214865,1.9390412585125483
6.05755246214865,1.9406522185606203
6.05755246214865,1.9422665687908955
6.05755246214865,1.9438843627477345
6.05755246214865,1.9455056538647975
6.05755246214865,1.947130495474323
6.05755246214865,1.948758940816203
6.05755246214865,1.9503910430468725
6.05755246214865,1.9520268552480071
6.05755246214865,1.9536664304350482
6.05755246214865,1.9553098215655524
6.077808396285686,1.956957081547373
6.077808396285686,1.9586082632466795
6.077808396285686,1.960263419495822
6.077808396285686,1.961922603101041
6.077808396285686,1.9635858668500323
6.077808396285686,1.9652532635193687
6.077808396285686,1.9669248458817838
6.077808396285686,1.9686006667133211
6.077808396285686,1.9702807788003562
6.077808396285686,1.9719652349464893
6.077808396285686,1.9736540879793187
6.077808396285686,1.975347390757094
6.077808396285686,1.9770451961752564
6.077808396285686,1.9787475571728677
6.077808396285686,1.980454526738926
6.077808396285686,1.9821661579185825
6.098148991005783,1.9838825038192545
6.098148991005783,1.9856036176166354
6.098148991005783,1.9873295525606127
6.098148991005783,1.9890603619810878
6.098148991005783,1.990796099293707
6.098148991005783,1.9925368180055028
6.098148991005783,1.994282571720448
6.098148991005783,1.996033414144922
6.098148991005783,1.9977893990931035
6.098148991005783,1.99955058049227
6.098148991005783,2.0013170123880277
6.098148991005783,2.0030887489494633
6.098148991005783,2.0048658444742173
6.098148991005783,2.0066483533934862
6.098148991005783,2.008436330276952
6.098148991005783,2.010229829837643
6.098148991005783,2.0120289069367203
6.098148991005783,2.013833616588206
6.118571980202821,2.0156440139636347
6.118571980202821,2.0174601543966473
6.118571980202821,2.019282093387516
6.118571980202821,2.0211098866076096
6.118571980202821,2.022943589903794
6.118571980202821,2.0247832593027755
6.118571980202821,2.0266289510153777
6.118571980202821,2.028480721440765
6.118571980202821,2.0303386271706048
6.118571980202821,2.032202724993171
6.118571980202821,2.034073071897391
6.118571980202821,2.0359497250768346
6.118571980202821,2.0378327419336486
6.118571980202821,2.0397221800824354
6.118571980202821,2.041618097354072
6.118571980202821,2.0435205517994794
6.118571980202821,2.0454296016933315
6.118571980202821,2.0473453055377147
6.139075178528037,2.0492677220657267
6.139075178528037,2.051196910245028
6.139075178528037,2.0531329292813316
6.139075178528037,2.055075838621842
6.139075178528037,2.0570256979586414
6.139075178528037,2.0589825672320154
6.139075178528037,2.060946506633731
6.139075178528037,2.0629175766102508
6.139075178528037,2.064895837865903
6.139075178528037,2.066881351365983
6.139075178528037,2.068874178339811
6.139075178528037,2.0708743802837226
6.139075178528037,2.0728820189640107
6.139075178528037,2.074897156419806
6.139075178528037,2.076919854965894
6.139075178528037,2.0789501771954866
6.139075178528037,2.0809881859829225
6.139075178528037,2.0830339444863113
6.139075178528037,2.0850875161501157
6.139075178528037,2.087148964707675
6.159656477802014,2.089218354183661
6.159656477802014,2.0912957488964703
6.159656477802014,2.093381213460561
6.159656477802014,2.0954748127887077
6.159656477802014,2.097576612094204
6.159656477802014,2.0996866768929854
6.159656477802014,2.1018050730056945
6.159656477802014,2.1039318665596625
6.159656477802014,2.1060671239908295
6.159656477802014,2.1082109120455845
6.159656477802014,2.1103632977825333
6.159656477802014,2.1125243485741882
6.159656477802014,2.11469413210858
6.159656477802014,2.1168727163907946
6.159656477802014,2.119060169744416
6.159656477802014,2.121256560812903
6.159656477802014,2.123461958560867
6.159656477802014,2.125676432275266
6.159656477802014,2.1279000515665154
6.159656477802014,2.1301328863695
6.159656477802014,2.132375006944498
6.180313843617286,2.1346264838780096
6.180313843617286,2.1368873880834824
6.180313843617286,2.139157790801948
6.180313843617286,2.141437763602542
6.180313843617286,2.1437273783829323
6.180313843617286,2.146026707369637
6.180313843617286,2.1483358231182264
6.180313843617286,2.15065479851342
6.180313843617286,2.152983706769069
6.180313843617286,2.155322621428013
6.180313843617286,2.1576716163618275
6.180313843617286,2.160030765770437
6.180313843617286,2.162400144181613
6.180313843617286,2.1647798264503306
6.180313843617286,2.167169887758004
6.180313843617286,2.1695704036115777
6.180313843617286,2.1719814498424865
6.180313843617286,2.17440310260546
6.180313843617286,2.176835438377201
6.180313843617286,2.179278533954898
6.180313843617286,2.1817324664545894
6.180313843617286,2.184197313309375
6.180313843617286,2.186673152267466
6.201045312119802,2.1891600613900692
6.201045312119802,2.1916581190490994
6.201045312119802,2.194167403924729
6.201045312119802,2.1966879950027574
6.201045312119802,2.199219971571795
6.201045312119802,2.2017634132202724
6.201045312119802,2.2043183998332543
6.201045312119802,2.206885011589063
6.201045312119802,2.2094633289557004
6.201045312119802,2.2120534326870778
6.201045312119802,2.2146554038190236
6.201045312119802,2.2172693236650973
6.201045312119802,2.2198952738121736
6.201045312119802,2.22253333611581
6.201045312119802,2.225183592695389
6.201045312119802,2.227846125929033
6.201045312119802,2.2305210184482718
6.201045312119802,2.233208353132483
6.201045312119802,2.2359082131030736
6.201045312119802,2.238620681717414
6.201045312119802,2.241345842562521
6.201045312119802,2.244083779448465
6.201045312119802,2.246834576401522
6.201045312119802,2.2495983176570347
6.221848986958278,2.252375087652018
6.221848986958278,2.2551649710174497
6.221848986958278,2.2579680525702965
6.221848986958278,2.260784417305221
6.221848986958278,2.2636141503859997
6.221848986958278,2.266457337136622
6.221848986958278,2.2693140630320787
6.221848986958278,2.272184413688824
6.221848986958278,2.275068474854916
6.221848986958278,2.2779663323998136
6.221848986958278,2.280878072303836
6.221848986958278,2.283803780647279
6.221848986958278,2.2867435435991696
6.221848986958278,2.2896974474056635
6.221848986958278,2.292665578378077
6.221848986958278,2.2956480228805436
6.221848986958278,2.29864486731729
6.221848986958278,2.301656198119516
6.221848986958278,2.304682101731905
6.221848986958278,2.3077226645987046
6.221848986958278,2.31077797314942
6.221848986958278,2.313848113784082
6.221848986958278,2.316933172858101
6.221848986958278,2.3200332366666903
6.221848986958278,2.3231483914288606
6.221848986958278,2.3262787232709545
6.221848986958278,2.329424318209763
6.2427230363913235,2.3325852621351606
6.2427230363913235,2.335761640792289
6.2427230363913235,2.338953539763288
6.2427230363913235,2.342161044448514
6.2427230363913235,2.3453842400473297
6.2427230363913235,2.348623211538348
6.2427230363913235,2.351878043659238
6.2427230363913235,2.3551488208859888
6.2427230363913235,2.358435627411694
6.2427230363913235,2.361738547124803
6.2427230363913235,2.3650576635868727
6.2427230363913235,2.368393060009784
6.2427230363913235,2.371744819232436
6.2427230363913235,2.3751130236968883
6.2427230363913235,2.3784977554239877
6.2427230363913235,2.3818990959884285
6.2427230363913235,2.385317126493274
6.2427230363913235,2.3887519275439106
6.2427230363913235,2.3922035792214618
6.2427230363913235,2.395672161055602
6.2427230363913235,2.399157751996846
6.2427230363913235,2.4026604303882326
6.2427230363913235,2.4061802739364393
6.2427230363913235,2.4097173596823307
6.2427230363913235,2.413271763970903
6.2427230363913235,2.416843562420658
6.2427230363913235,2.420432829892389
6.2427230363913235,2.4240396404573685
6.2427230363913235,2.42766406736495
6.2427230363913235,2.4313061830095757
6.2636656905427905,2.4349660588971958
6.2636656905427905,2.4386437656110864
6.2636656905427905,2.4423393727770693
6.2636656905427905,2.4460529490281573
6.2636656905427905,2.4497845619685967
6.2636656905427905,2.4535342781373086
6.2636656905427905,2.457302162970756
6.2636656905427905,2.461088280765224
6.2636656905427905,2.4648926946385084
6.2636656905427905,2.46871546649103
6.2636656905427905,2.4725566569663813
6.2636656905427905,2.4764163254112868
6.2636656905427905,2.4802945298350165
6.2636656905427905,2.4841913268682374
6.2636656905427905,2.4881067717212986
6.2636656905427905,2.4920409181420053
6.2636656905427905,2.495993818372825
6.2636656905427905,2.4999655231075923
6.2636656905427905,2.5039560814476935
6.2636656905427905,2.507965540857726
6.2636656905427905,2.5119939471207218
6.2636656905427905,2.51604134429281
6.2636656905427905,2.5201077746574962
6.2636656905427905,2.5241932786794283
6.2636656905427905,2.5282978949577593
6.2636656905427905,2.532421660179084
6.2636656905427905,2.536564609069967
6.2636656905427905,2.5407267743490767
6.2636656905427905,2.5449081866789944
6.2636656905427905,2.5491088746176316
6.2636656905427905,2.5533288645693317
6.2636656905427905,2.55756818073572
6.2636656905427905,2.5618268450662063
6.2636656905427905,2.566104877208263
6.2636656905427905,2.5704022944574914
6.284675238796581,2.5747191117074637
6.284675238796581,2.579055341399418
6.284675238796581,2.5834109934717624
6.284675238796581,2.587786075309499
6.284675238796581,2.5921805916935794
6.284675238796581,2.5965945447501673
6.284675238796581,2.601027933899908
6.284675238796581,2.605480755807202
6.284675238796581,2.6099530043295593
6.284675238796581,2.6144446704670212
6.284675238796581,2.618955742311682
6.284675238796581,2.6234862049974357
6.284675238796581,2.628036040649909
6.284675238796581,2.6326052283366037
6.284675238796581,2.637193744017395
6.284675238796581,2.6418015604953133
6.284675238796581,2.6464286473677268
6.284675238796581,2.65107497097795
6.284675238796581,2.655740494367333
6.284675238796581,2.6604251772278382
6.284675238796581,2.665128975855203
6.284675238796581,2.669851843102774
6.284675238796581,2.6745937283359016
6.284675238796581,2.6793545773871474
6.284675238796581,2.6841343325122207
6.284675238796581,2.6889329323467823
6.284675238796581,2.69375031186405
6.284675238796581,2.698586402333432
6.284675238796581,2.703441131280086
6.284675238796581,2.7083144224455515
6.284675238796581,2.713206195749478
6.284675238796581,2.7181163672524953
6.284675238796581,2.7230448491203565
6.284675238796581,2.727991549589273
6.284675238796581,2.732956372932623
6.284675238796581,2.737939219429102
6.284675238796581,2.742939985332196
6.284675238796581,2.747958562841261
6.284675238796581,2.752994840074162
6.284675238796581,2.758048701041449
6.284675238796581,2.7631200256223307
6.284675238796581,2.768208689542257
6.284675238796581,2.7733145643524266
6.284675238796581,2.7784375174110125
6.284675238796581,2.7835774118664043
6.284675238796581,2.788734106642305
6.284675238796581,2.793907456424961
6.284675238796581,2.799097311652356
6.284675238796581,2.804303518505537
6.284675238796581,2.8095259189021644
6.305750027322654,2.814764350492259
6.305750027322654,2.8200186466561727
6.305750027322654,2.825288636504892
6.305750027322654,2.830574144882763
6.305750027322654,2.835874992372529
6.305750027322654,2.8411909953028536
6.305750027322654,2.846521965758333
6.305750027322654,2.8518677115919897
6.305750027322654,2.8572280364403704
6.305750027322654,2.8626027397412424
6.305750027322654,2.8679916167537804
6.305750027322654,2.8733944585816205
6.305750027322654,2.8788110521983494
6.305750027322654,2.884241180475885
6.305750027322654,2.889684622215467
6.305750027322654,2.8951411521813983
6.305750027322654,2.900610541137542
6.305750027322654,2.906092555886567
6.305750027322654,2.911586959312017
6.305750027322654,2.91709351042303
6.305750027322654,2.9226119644019906
6.305750027322654,2.928142072654797
6.305750027322654,2.9336835828639956
6.305750027322654,2.939236239044656
6.305750027322654,2.9447997816029643
6.305750027322654,2.950373947397546
6.305750027322654,2.9559584698035577
6.305750027322654,2.9615530787794087
6.305750027322654,2.9671575009361355
6.305750027322654,2.972771459609461
6.305750027322654,2.9783946749344103
6.305750027322654,2.984026863922532
6.305750027322654,2.9896677405415684
6.305750027322654,2.995317015797592
6.305750027322654,3.000974397819769
6.305750027322654,3.0066395919471587
6.305750027322654,3.0123123008180968
6.305750027322654,3.017992224461836
6.305750027322654,3.0236790603921264
6.305750027322654,3.029372503703183
6.305750027322654,3.03507224716771
6.305750027322654,3.0407779813367593
6.305750027322654,3.0464893946415614
6.305750027322654,3.0522061734972437
6.305750027322654,3.057928002408263
6.305750027322654,3.0636545640755553
6.305750027322654,3.069385539505196
6.305750027322654,3.075120608118601
6.305750027322654,3.080859447864002
6.305750027322654,3.0866017353295967
6.305750027322654,3.092347145857406
6.305750027322654,3.0980953536586635
6.305750027322654,3.103846031929842
6.305750027322654,3.109598852970173
6.305750027322654,3.115353488299043
6.305750027322654,3.121109608775171
6.305750027322654,3.126866884715649
6.305750027322654,3.132624986015417
6.305750027322654,3.1383835822674997
6.305750027322654,3.1390429642946693
