b,alpha
1.96,0.001154700410121379
1.96,0.0023094040384849528
1.96,0.0034641180921567796
1.96,0.004618849777786945
1.96,0.005773606303357835
1.96,0.0069283948774838235
1.96,0.00808322271023556
1.96,0.009238097013157278
1.96,0.010393024999788447
1.96,0.011548013885846331
1.96,0.012703070889556184
1.96,0.013858203232010839
1.96,0.015013418137410707
1.96,0.01616872283339502
1.96,0.01732412455138964
1.96,0.018479630526837935
1.96,0.01963524799961734
1.96,0.02079098421422213
1.96,0.02194684642019827
1.96,0.023102841872343023
1.96,0.02425897783113228
1.96,0.025415261562922908
1.96,0.026571700340345433
1.96,0.02772830144255914
1.96,0.028885072155623363
1.96,0.030042019772776186
1.96,0.031199151594747704
1.96,0.03235647493009576
1.96,0.03351399709552882
1.96,0.03467172541618684
1.96,0.035829667226004426
1.96,0.036987829868008804
1.96,0.0381462206946453
1.96,0.03930484706809896
1.96,0.04046371636061034
1.96,0.04162283595482121
1.96,0.04278221324409262
1.96,0.043941855632812804
1.96,0.04510177053675351
1.96,0.04626196538337489
1.96,0.04742244761216963
1.96,0.04858322467500777
1.96,0.049744304036428426
1.96,0.0509056931740329
1.96,0.052067399578762955
1.96,0.05322943075528396
1.96,0.05439179422229802
1.96,0.055554497512887095
1.96,0.05671754817487797
1.96,0.057880953771150975
1.96,0.05904472188001687
1.96,0.060208860095549224
1.96,0.0613733760279397
1.96,0.06253827730383232
1.96,0.06370357156670563
1.96,0.06486926647720925
1.96,0.06603536971351939
1.96,0.0672018889717042
1.96,0.06836883196608316
1.96,0.06953620642959077
1.96,0.07070402011413283
1.96,0.07187228079097797
1.96,0.07304099625109053
1.96,0.0742101743055341
1.96,0.0753798227858302
1.96,0.07654994954433943
1.96,0.0777205624546352
1.96,0.07889166941189228
1.96,0.08006327833326181
1.96,0.08123539715827247
1.96,0.08240803384919469
1.96,0.08358119639146018
1.96,0.08475489279403314
1.96,0.08592913108982328
1.96,0.08710391933607359
1.96,0.08827926561477356
1.96,0.08945517803305396
1.96,0.09063166472360672
1.96,0.09180873384508641
1.96,0.09298639358252932
1.96,0.0941646521477676
1.96,0.09534351777986533
1.96,0.0965229987455159
1.96,0.09770310333949282
1.96,0.09888383988507271
1.96,0.10006521673445941
1.96,0.10124724226923772
1.96,0.10242992490081394
1.96,0.10361327307084116
1.96,0.10479729525169275
1.96,0.10598199994689443
1.96,0.10716739569159775
1.96,0.1083534910530282
1.96,0.10954029463094518
1.96,0.11072781505812909
1.96,0.1119160610008327
1.96,0.11310504115927011
1.96,0.11429476426809096
1.96,0.1154852390968686
1.96,0.11667647445058717
1.96,0.11786847917013271
1.96,0.11906126213279311
1.96,0.12025483225276866
1.96,0.12144919848166588
1.96,0.1226443698090147
1.96,0.12384035526278662
1.96,0.1250371639099173
1.96,0.1262348048568303
1.96,0.12743328724996764
1.96,0.1286326202763352
1.96,0.12983281316402853
1.96,0.1310338751828016
1.96,0.1322358156446012
1.96,0.13343864390413193
1.96,0.13464236935942295
1.96,0.13584700145239445
1.96,0.13705254966943328
1.96,0.13825902354197514
1.96,0.13946643264709144
1.96,0.14067478660807944
1.96,0.14188409509507355
1.96,0.14309436782562893
1.96,0.14430561456535757
1.96,0.14551784512853475
1.96,0.14673106937871966
1.96,0.14794529722940117
1.96,0.1491605386446251
1.96,0.15037680363964262
1.96,0.15159410228156842
1.96,0.1528124446900293
1.96,0.15403184103784498
1.96,0.15525230155169006
1.96,0.1564738365127901
1.96,0.15769645625759007
1.96,0.1589201711784756
1.96,0.16014499172446484
1.96,0.16137092840191924
1.96,0.1625979917752792
1.96,0.1638261924677741
1.96,0.16505554116218163
1.96,0.16628604860155594
1.96,0.16751772558999745
1.96,0.16875058299340734
1.96,0.16998463174026665
1.96,0.17121988282241768
1.96,0.17245634729585244
1.96,0.17369403628152122
1.96,0.1749329609661354
1.96,0.17617313260299217
1.96,0.17741456251280577
1.96,0.17865726208454963
1.96,0.17990124277630054
1.96,0.18114651611611082
1.96,0.18239309370286919
1.96,0.18364098720719182
1.96,0.1848902083723152
1.96,0.1861407690149955
1.96,0.18739268102643739
1.96,0.18864595637320414
1.96,0.189900607098176
1.96,0.19115664532149174
1.96,0.1924140832415134
1.96,0.193672933135803
1.96,0.19493320736211983
1.96,0.1961949183594048
1.96,0.19745807864881534
1.96,0.1987227008347372
1.96,0.19998879760583602
1.96,0.2012563817361099
1.96,0.2025254660859562
1.96,0.2037960636032585
1.96,0.20506818732448268
1.96,0.20634185037578792
1.96,0.20761706597416169
1.96,0.20889384742855216
1.96,0.21017220814103285
1.96,0.21145216160797592
1.96,0.2127337214212403
1.96,0.21401690126938205
1.96,0.21530171493887137
1.96,0.21658817631533953
1.96,0.21787629938482833
1.96,0.21916609823507113
1.96,0.22045758705678056
1.96,0.2217507801449656
1.96,0.22304569190025175
1.96,0.2243423368302348
1.96,0.2256407295508484
1.96,0.22694088478774355
1.96,0.22824281737770502
1.96,0.22954654227007132
1.96,0.23085207452818046
1.96,0.2321594293308425
1.96,0.23346862197382662
1.96,0.23477966787137422
1.96,0.236092582557725
1.96,0.23740738168868408
1.96,0.2387240810431904
1.96,0.24004269652492244
1.96,0.2413632441639275
1.96,0.24268574011826521
1.96,0.24401020067568652
1.96,0.245336642255333
1.96,0.24666508140946233
1.96,0.24799553482519715
1.96,0.24932801932630733
1.96,0.2506625518750143
1.96,0.2519991495738215
1.96,0.2533378296673795
1.96,0.2546786095443709
1.96,0.2560215067394352
1.96,0.2573665389351126
1.96,0.25871372396382747
1.96,0.26006307980989507
1.96,0.26141462461156567
1.96,0.26276837666309794
1.96,0.2641243544168641
1.96,0.2654825764854947
1.96,0.2668430616440479
1.96,0.26820582883222316
1.96,0.26957089715660115
1.96,0.2709382858929302
1.96,0.272308014488438
1.96,0.2736801025641919
1.96,0.27505456991749155
1.96,0.2764314365242999
2.11,0.27781072254171757
2.11,0.2791924483104977
2.11,0.28057663435759717
2.11,0.28196330139878023
2.11,0.28335247034125294
2.11,0.2847441622863529
2.11,0.28613839853227824
2.11,0.2875352005768625
2.11,0.28893459012039846
2.11,0.2903365890685099
2.11,0.2917412195350714
2.11,0.2931485038451768
2.11,0.2945584645381609
2.11,0.29597112437067497
2.11,0.2973865063198062
2.11,0.2988046335862667
2.11,0.30022552959762117
2.11,0.30164921801158584
2.11,0.3030757227193728
2.11,0.30450506784910364
2.11,0.305937277769278
2.11,0.30737237709230214
2.11,0.3088103906780863
2.11,0.3102513436377014
2.11,0.3116952613371025
2.11,0.31314216940092354
2.11,0.3145920937163307
2.11,0.3160450604369595
2.11,0.3175010959869122
2.11,0.31896022706483246
2.11,0.3204224806480591
2.11,0.3218878839968473
2.11,0.32335646465867735
2.11,0.3248282504726366
2.11,0.32630326957388894
2.11,0.327781550398222
2.11,0.32926312168668487
2.11,0.330748012490312
2.11,0.33223625217493435
2.11,0.3337278704260852
2.11,0.3352228972539989
2.11,0.3367213629987043
2.11,0.3382232983352178
2.11,0.3397287342788358
2.11,0.3412377021905308
2.11,0.34275023378245184
2.11,0.34426636112353465
2.11,0.34578611664521625
2.11,0.34730953314727203
2.11,0.34883664380375956
2.11,0.3503674821690835
2.11,0.35190208218418606
2.11,0.3534404781828539
2.11,0.35498270489815803
2.11,0.3565287974690201
2.11,0.35807879144691745
2.11,0.3596327228027174
2.11,0.3611906279336577
2.11,0.3627525436704662
2.11,0.3643185072846323
2.11,0.3658885564958232
2.11,0.3674627294794617
2.11,0.36904106487445354
2.11,0.37062360179108644
2.11,0.37221037981908967
2.11,0.37380143903586344
2.11,0.37539682001489105
2.11,0.3769965638343206
2.11,0.3786007120857393
2.11,0.38020930688312876
2.11,0.38182239087202513
2.11,0.3834400072388649
2.11,0.38506219972054684
2.11,0.38668901261419436
2.11,0.38832049078714076
2.11,0.38995667968712744
2.11,0.3915976253527359
2.11,0.39324337442404855
2.11,0.3948939741535471
2.11,0.39654947241726235
2.11,0.3982099177261698
2.11,0.39987535923784784
2.11,0.4015458467684009
2.11,0.40322143080465583
2.11,0.4049021625166412
2.11,0.4065880937703516
2.11,0.40827927714081186
2.11,0.4099757659254474
2.11,0.41167761415776166
2.11,0.41338487662134626
2.11,0.4150976088642142
2.11,0.41681586721347785
2.11,0.4185397087903787
2.11,0.420269191525675
2.11,0.4220043741754063
2.11,0.42374531633703405
2.11,0.4254920784659783
2.11,0.4272447218925628
2.11,0.4290033088393704
2.11,0.43076790243903396
2.11,0.4325385667524658
2.11,0.43431536678754185
2.11,0.4360983685182588
2.11,0.43788763890437066
2.11,0.43968324591152314
2.11,0.44148525853190385
2.11,0.4432937468054185
2.11,0.4451087818414142
2.11,0.44693043584096154
2.11,0.44875878211971965
2.11,0.4505938951313967
2.11,0.45243585049182544
2.11,0.45428472500367845
2.11,0.45614059668183354
2.11,0.4580035447794222
2.11,0.4598736498145697
2.11,0.4617509935978642
2.11,0.46363565926056194
2.11,0.46552773128356745
2.11,0.4674272955272036
2.11,0.4693344392618044
2.11,0.4712492511991524
2.11,0.47317182152479287
2.11,0.47510224193125355
2.11,0.47704060565219525
2.11,0.4789870074975334
2.11,0.48094154388955956
2.11,0.482904312900089
2.11,0.4848754142886889
2.11,0.4868549495420032
2.11,0.48884302191422674
2.11,0.49083973646876283
2.11,0.49284520012110783
2.11,0.4948595216830032
2.11,0.49688281190790645
2.11,0.49891518353781855
2.11,0.500956751351528
2.11,0.5030076322143108
2.11,0.5050679451291513
2.11,0.5071378112895292
2.11,0.5092173541338361
2.11,0.5113066994014823
2.11,0.5134059751907538
2.11,0.5155153120184862
2.11,0.5176348428816239
2.11,0.5197647033207398
2.11,0.5219050314855841
2.11,0.524055968202742
2.11,0.5262176570454872
2.11,0.5283902444059071
2.11,0.5305738795694007
2.11,0.5327687147916246
2.11,0.5349749053780093
2.11,0.5371926097659206
2.11,0.5394219896095948
2.11,0.5416632098679456
2.11,0.5439164388953676
2.11,0.546181848535652
2.11,0.5484596142191512
2.11,0.5507499150633175
2.11,0.5530529339767613
2.11,0.5553688577669814
2.11,0.5576978772519117
2.11,0.5600401873754562
2.11,0.5623959873271761
2.11,0.5647654806663162
2.11,0.5671488754503508
2.11,0.5695463843682502
2.11,0.5719582248786781
2.11,0.5743846193533306
2.11,0.5768257952256621
2.11,0.579281985145216
2.11,0.5817534271378397
2.11,0.5842403647720328
2.11,0.5867430473317228
2.11,0.5892617299957561
2.16,0.5917966740244253
2.16,0.5943481469533561
2.16,0.5969164227951067
2.16,0.5995017822488472
2.16,0.6021045129184999
2.16,0.6047249095397598
2.16,0.6073632742164179
2.16,0.6100199166664533
2.16,0.612695154478369
2.16,0.6153893133782863
2.16,0.6181027275083387
2.16,0.6208357397169334
2.16,0.6235887018614918
2.16,0.6263619751243038
2.16,0.629155930342181
2.16,0.6319709483506264
2.16,0.6348074203432901
2.16,0.6376657482475117
2.16,0.6405463451168261
2.16,0.6434496355413324
2.16,0.6463760560769122
2.16,0.6493260556943181
2.16,0.6523000962492443
2.16,0.6552986529745389
2.16,0.6583222149958137
2.16,0.6613712858717709
2.16,0.6644463841606686
2.16,0.6675480440144292
2.185,0.6706768158020046
2.185,0.6738332667637117
2.185,0.6770179816983813
2.185,0.6802315636852792
2.185,0.6834746348428918
2.185,0.6867478371268355
2.185,0.6900518331692747
2.185,0.693387307162438
2.185,0.6967549657889817
2.185,0.7001555392021638
2.185,0.7035897820589984
2.185,0.7070584746098075
2.185,0.7105624238478181
2.185,0.7141024647227547
2.21,0.7176794614226556
2.21,0.7212943087284693
2.21,0.7249479334463409
2.21,0.7286412959228851
2.21,0.7323753916491427
2.21,0.7361512529593872
2.21,0.7399699508314248
2.21,0.7438325967955838
2.21,0.7477403449601535
2.21,0.7516943941616964
2.21,0.7556959902493294
2.21,0.7597464285128555
2.235,0.763847056265438
2.235,0.767999275592443
2.235,0.772204546279058
2.235,0.7764643889303968
2.235,0.7807803882989989
2.235,0.7851541968359489
2.235,0.7895875384832838
2.235,0.7940822127269491
2.235,0.7986400989313021
2.235,0.8032631609780879
2.26,0.8079534522349161
2.26,0.8127131208806003
2.26,0.8175444156172742
2.26,0.8224496918020164
2.26,0.8274314180338368
2.26,0.832492183235279
2.26,0.8376347042716972
2.26,0.8428618341553943
2.285,0.8481765708864301
2.285,0.8535820669869338
2.285,0.8590816397913407
2.285,0.8646787825610962
2.285,0.8703771764991072
2.285,0.8761807037466335
2.285,0.8820934614534179
2.31,0.8881197770207553
2.31,0.894264224626886
2.31,0.9005316431546635
2.31,0.9069271556528701
2.31,0.9134561904748825
2.31,0.9201245042515649
2.31,0.9269382068692572
2.31,0.9339037886383814
2.31,0.9410281498533136
2.31,0.9483186329594278
2.31,0.9557830575581401
2.31,0.9634297584946339
2.31,0.9712676272847803
2.31,0.9793061571461268
2.31,0.9875554919008391
2.435,0.9960264790134764
2.435,1.0047307270098602
2.435,1.0136806674902474
2.435,1.0228896218939563
2.435,1.0323718730848421
2.435,1.0421427416959133
2.435,1.0522186669815188
2.435,1.0626172916566246
2.435,1.0733575498281165
2.435,1.084459756608179
2.435,1.095945697300041
2.435,1.1078387131047982
2.485,1.1201637790432373
2.485,1.1329475681305892
2.485,1.146218493679655
2.51,1.1600067188177363
2.51,1.1743441187549848
2.51,1.189264176911612
2.56,1.2048017906091584
2.56,1.2209929556535042
2.56,1.237874291952868
2.585,1.2554823647940139
2.585,1.2738527495080754
2.61,1.2930187826999047
2.635,1.3130099437265568
2.635,1.3338498197021278
2.66,1.3555536313018808
2.66,1.3781253412047851
2.735,1.4015544377445461
2.735,1.4258125854438048
2.735,1.4508504560471407
2.735,1.476595180026076
2.835,1.5029489545142058
2.835,1.5297893605074724
2.835,1.5569718301700948
2.86,1.584334437722362
2.86,1.611704789195081
2.91,1.63890834650162
2.935,1.6657771745731884
2.935,1.6921579732914722
2.985,1.7179184037192523
2.985,1.7429510920035993
2.985,1.7671751647993472
3.06,1.7905355905658245
3.06,1.8130008710747108
3.06,1.8345597199957113
3.085,1.8552173144746886
3.085,1.8749915727650324
3.11,1.8939097547582657
3.11,1.912005542098865
3.11,1.9293166486642823
3.16,1.9458829431068194
3.16,1.961745027032657
3.16,1.9769431965958413
3.16,1.9915167136482927
3.16,2.0055033187645632
3.16,2.0189389281137737
3.235,2.031857466622344
3.235,2.0442907997132593
3.235,2.0562687344628228
3.235,2.06781906809328
3.235,2.0789676673783775
3.235,2.0897385669517674
3.235,2.1001540778841514
3.235,2.1102349004382175
3.235,2.120000236801088
3.235,2.1294679009829407
3.285,2.1386544240789194
3.285,2.14757515381483
3.285,2.156244347808705
3.285,2.164675260336186
3.285,2.1728802226297095
3.285,2.180870716901225
3.285,2.188657444378773
3.285,2.1962503877059714
3.31,2.203658868082747
3.31,2.210891597534739
3.31,2.2179567266942573
3.31,2.2248618884622537
3.31,2.2316142379019217
3.31,2.238220488692545
3.335,2.2446869464488586
3.335,2.2510195391875163
3.335,2.2572238451990714
3.335,2.263305118561645
3.335,2.269268312511484
3.335,2.275118100866026
3.335,2.2808588976769935
3.335,2.286494875274407
3.335,2.2920299808471905
3.36,2.2974679516922163
3.36,2.3028123292510307
3.36,2.3080664720421633
3.36,2.3132335675865865
3.36,2.318316643414616
3.36,2.323318577234161
3.36,2.3282421063326586
3.36,2.3330898362782326
3.36,2.337864248979459
3.36,2.3425677101576134
3.36,2.3472024762802683
3.385,2.3517707010006426
3.385,2.356274441143034
3.385,2.360715662271028
3.385,2.3650962438718848
3.385,2.3694179841875087
3.385,2.373682604719745
3.385,2.377891754435299
3.385,2.382047013693383
3.385,2.3861498979172056
3.385,2.390201861028613
3.385,2.3942042986635657
3.385,2.398158551184638
3.385,2.402065906505394
3.385,2.4059276027402707
3.385,2.4097448306924725
3.385,2.413518736191387
3.385,2.4172504222901012
3.385,2.420940951332758
3.385,2.4245913469007196
3.385,2.4282025956458226
3.385,2.4317756490183533
3.385,2.435311424896791
3.385,2.438810809125837
3.435,2.4422746569687526
3.435,2.4457037944795834
3.435,2.4490990198004297
3.435,2.4524611043885503
3.435,2.4557907941777444
3.435,2.4590888106781175
3.435,2.462355852018069
3.435,2.4655925939320498
3.435,2.468799690697399
3.435,2.4719777760233352
3.435,2.4751274638949656
3.435,2.4782493493749884
3.435,2.4813440093655617
3.435,2.4844120033326846
3.435,2.487453873995234
3.435,2.4904701479806954
3.435,2.493461336449473
3.435,2.496427935689554
3.435,2.499370427683176
3.435,2.502289280647047
3.435,2.50518494954758
3.435,2.5080578765924875
3.435,2.5109084917000226
3.435,2.51373721294706
3.435,2.5165444469971354
3.435,2.5193305895095124
3.435,2.5220960255302516
3.435,2.5248411298662234
3.435,2.5275662674429444
3.435,2.5302717936470542
3.435,2.5329580546542148
3.435,2.5356253877431616
3.435,2.538274121596603
3.435,2.540904576589606
3.435,2.543517065066095
3.435,2.5461118916040335
3.435,2.548689353269837
3.435,2.5512497398625387
3.435,2.553793334148189
3.435,2.5563204120849528
3.435,2.5588312430393434
3.435,2.561326089993998
3.435,2.5638052097473936
3.435,2.566268853105876
3.435,2.568717265068333
3.435,2.5711506850038672
3.435,2.5735693468227714
3.435,2.5759734791411044
3.435,2.5783633054391553
3.435,2.5807390442140585
3.435,2.5831009091268275
3.435,2.585449109144027
3.435,2.5877838486743414
3.485,2.5901053277002375
3.485,2.592413741904938
3.485,2.5947092827949025
3.485,2.596992137818004
3.485,2.5992624904775816
3.485,2.6015205204425373
3.485,2.603766403653642
3.485,2.606000312426202
3.485,2.608222415549241
3.485,2.6104328783813235
3.485,2.6126318629431795
3.485,2.6148195280072204
3.485,2.6169960291841106
3.485,2.6191615190064748
3.485,2.621316147009881
3.485,2.623460059811181
3.485,2.625593401184329
3.485,2.6277163121337637
3.485,2.62982893096545
3.485,2.631931393355673
3.485,2.6340238324176624
3.485,2.6361063787661285
3.485,2.6381791605797944
3.485,2.6402423036619935
3.485,2.6422959314994
3.485,2.644340165318973
3.485,2.6463751241431575
3.485,2.648400924843431
3.485,2.6504176821922374
3.485,2.6524255089133675
3.485,2.6544245157308497
3.485,2.6564148114163944
3.485,2.6583965028354504
3.485,2.6603696949919113
3.485,2.662334491071536
3.485,2.664290992484103
3.485,2.6662392989043697
3.485,2.668179508311854
3.485,2.67011171702949
3.485,2.6720360197611988
3.485,2.673952509628398
3.485,2.6758612782054976
3.485,2.6777624155544086
3.485,2.679656010258101
3.485,2.681542149453242
3.485,2.6834209188619416
3.485,2.685292402822635
3.485,2.687156684320134
3.485,2.6890138450148715
3.485,2.6908639652713573
3.485,2.6927071241858913
3.485,2.69454339961353
3.485,2.6963728681943504
3.485,2.698195605379028
3.485,2.700011685453743
3.485,2.701821181564449
3.485,2.703624165740509
3.485,2.7054207089177287
3.485,2.7072108809608064
3.485,2.7089947506852026
3.485,2.7107723858784674
3.485,2.7125438533210287
3.485,2.7143092188064575
3.485,2.716068547161233
3.485,2.7178219022640167
3.485,2.719569347064451
3.485,2.7213109436014977
3.485,2.723046753021331
3.485,2.72477683559479
3.485,2.726501250734418
3.485,2.7282200570110846
3.485,2.7299333121702114
3.485,2.731641073147618
3.485,2.73334339608498
3.485,2.735040336344934
3.485,2.736731948525821
3.51,2.7384182864760884
3.51,2.7400994033083523
3.51,2.7417753514131404
3.51,2.743446182472315
3.51,2.7451119474721852
3.51,2.7467726967163237
3.51,2.748428479838092
3.51,2.7500793458128783
3.51,2.751725342970063
3.51,2.7533665190047154
3.51,2.755002920989027
3.51,2.7566345953834954
3.51,2.758261588047853
3.51,2.759883944251763
3.51,2.761501708685273
3.51,2.7631149254690475
3.51,2.764723638164374
3.51,2.7663278897829526
3.51,2.7679277227964736
3.51,2.769523179145993
3.51,2.771114300251104
3.51,2.7727011270189146
3.51,2.774283699852837
3.51,2.775862058661187
3.51,2.777436242865608
3.51,2.7790062914093125
3.51,2.78057224276516
3.51,2.7821341349435604
3.51,2.783692005500215
3.51,2.7852458915437026
3.51,2.786795829742908
3.51,2.7883418563342937
3.51,2.7898840071290336
3.51,2.791422317519995
3.51,2.792956822488582
3.51,2.7944875566114415
3.51,2.7960145540670367
3.51,2.7975378486420883
3.51,2.7990574737378866
3.51,2.8005734623764824
3.51,2.8020858472067536
3.51,2.803594660510353
3.51,2.8050999342075422
3.51,2.806601699862911
3.51,2.8080999886909828
3.51,2.8095948315617187
3.51,2.8110862590059114
3.51,2.812574301220474
3.51,2.8140589880736364
3.51,2.8155403491100333
3.51,2.8170184135557
3.51,2.8184932103229787
3.51,2.8199647680153244
3.51,2.821433114932028
3.51,2.822898279072849
3.51,2.8243602881425596
3.51,2.825819169555409
3.51,2.827274950439507
3.51,2.828727657641118
3.51,2.8301773177288907
3.51,2.8316239569979964
3.51,2.8330676014742044
3.51,2.8345082769178758
3.51,2.83594600882789
3.51,2.837380822445498
3.51,2.8388127427581096
3.51,2.840241794503012
3.51,2.8416680021710223
3.51,2.8430913900100756
3.51,2.84451198202875
3.51,2.845929801999733
3.51,2.847344873463222
3.51,2.8487572197302695
3.51,2.8501668638860673
3.51,2.8515738287931813
3.51,2.852978137094723
3.51,2.8543798112174645
3.51,2.855778873374913
3.51,2.8571753455703233
3.51,2.858569249599656
3.51,2.859960607054499
3.51,2.8613494393249264
3.51,2.8627357676023157
3.51,2.8641196128821216
3.51,2.865500995966596
3.51,2.8668799374674685
3.51,2.8682564578085774
3.51,2.8696305772284654
3.51,2.871002315782928
3.51,2.8723716933475147
3.51,2.8737387296200025
3.51,2.8751034441228196
3.51,2.8764658562054333
3.51,2.8778259850466963
3.51,2.879183849657161
3.51,2.880539468881352
3.51,2.881892861400009
3.51,2.8832440457322823
3.51,2.8845930402379056
3.51,2.8859398631193285
3.51,2.887284532423819
3.51,2.8886270660455264
3.51,2.889967481727525
3.51,2.8913057970638083
3.51,2.892642029501269
3.51,2.893976196341641
3.51,2.895308314743408
3.51,2.8966384017236937
3.51,2.897966474160109
3.51,2.8992925487925887
3.51,2.9006166422251787
3.51,2.901938770927822
3.51,2.903258951238091
3.51,2.9045771993629184
3.51,2.9058935313802827
3.51,2.9072079632408827
3.51,2.908520510769777
3.51,2.90983118966801
3.51,2.9111400155142015
3.51,2.912447003766123
3.51,2.9137521697622515
3.51,2.9150555287232867
3.51,2.916357095753668
3.51,2.917656885843049
3.51,2.918954913867769
3.51,2.9202511945922853
3.51,2.9215457426705984
3.51,2.9228385726476573
3.51,2.9241296989607326
3.51,2.9254191359407833
3.51,2.926706897813799
3.51,2.9279929987021207
3.51,2.9292774526257515
3.51,2.930560273503639
3.51,2.9318414751549464
3.51,2.933121071300306
3.51,2.9343990755630527
3.51,2.9356755014704405
3.51,2.93695036245485
3.51,2.9382236718549652
3.51,2.9394954429169515
3.51,2.9407656887956004
3.51,2.942034422555475
3.51,2.9433016571720296
3.51,2.944567405532717
3.51,2.9458316804380833
3.51,2.9470944946028466
3.51,2.948355860656964
3.51,2.9496157911466776
3.51,2.950874298535555
3.51,2.9521313952055124
3.51,2.9533870934578235
3.51,2.954641405514124
3.51,2.955894343517385
3.51,2.9571459195328966
3.51,2.958396145549221
3.51,2.9596450334791387
3.51,2.9608925951605936
3.51,2.962138842357605
3.51,2.9633837867611943
3.51,2.964627439990269
3.51,2.965869813592529
3.51,2.9671109190453384
3.51,2.9683507677565917
3.51,2.9695893710655774
3.51,2.970826740243819
3.51,2.9720628864959178
3.51,2.9732978209603793
3.51,2.974531554710424
3.51,2.9757640987548033
3.51,2.976995464038594
3.51,2.978225661443981
3.51,2.9794547017910475
3.51,2.9806825958385366
3.51,2.981909354284614
3.51,2.9831349877676208
3.51,2.98435950686682
3.51,2.985582922103127
3.51,2.986805243939836
3.51,2.988026482783342
3.51,2.989246648983848
3.51,2.9904657528360685
3.51,2.9916838045799263
3.51,2.9929008144012332
3.51,2.9941167924323757
3.51,2.9953317487529754
3.51,2.9965456933905728
3.51,2.9977586363212607
3.51,2.998970587470355
3.51,3.000181556713022
3.51,3.001391553874921
3.51,3.0026005887328364
3.51,3.003808671015296
3.51,3.0050158104031834
3.51,3.0062220165303546
3.51,3.0074272989842425
3.51,3.0086316673064384
3.51,3.009835130993305
3.51,3.0110376994965464
3.51,3.0122393822237843
3.51,3.013440188539145
3.51,3.01464012776381
3.51,3.0158392091765998
3.51,3.017037442014501
3.51,3.0182348354732365
3.51,3.01943139870781
3.51,3.020627140833038
3.51,3.0218220709240877
3.51,3.0230161980170043
3.51,3.0242095311092454
3.51,3.0254020791601848
3.51,3.0265938510916386
3.51,3.0277848557883686
3.51,3.028975102098597
3.51,3.0301645988344887
3.51,3.031353354772669
3.51,3.032541378654701
3.51,3.0337286791875724
3.51,3.0349152650441855
3.51,3.0361011448638324
3.51,3.0372863272526653
3.51,3.038470820784171
3.51,3.039654633999641
3.51,3.040837775408619
3.51,3.042020253489375
3.51,3.043202076689353
3.51,3.0443832534256208
3.51,3.0455637920853125
3.51,3.046743701026084
3.51,3.0479229885765435
3.51,3.0491016630366863
3.51,3.0502797326783346
3.51,3.0514572057455567
3.51,3.0526340904551064
3.51,3.053810394996833
3.51,3.0549861275341015
3.51,3.056161296204226
3.51,3.0573359091188546
3.51,3.0585099743644015
3.51,3.05968350000245
3.51,3.0608564940701464
3.51,3.0620289645806142
3.51,3.063200919523341
3.51,3.064372366864584
3.51,3.065543314547758
3.51,3.066713770493822
3.51,3.0678837426016767
3.51,3.069053238748538
3.51,3.0702222667903336
3.51,3.0713908345620613
3.51,3.0725589498781885
3.51,3.0737266205330194
3.51,3.0748938543010653
3.51,3.076060658937409
3.51,3.0772270421780967
3.51,3.0783930117404745
3.51,3.0795585753235724
3.51,3.0807237406084593
3.51,3.081888515258602
3.51,3.083052906920228
3.51,3.084216923222676
3.51,3.0853805717787535
3.51,3.086543860185084
3.51,3.087706796022463
3.51,3.088869386856207
3.51,3.090031640236485
3.51,3.0911935636986927
3.51,3.092355164763771
3.51,3.0935164509385484
3.51,3.094677429716099
3.51,3.0958381085760642
3.51,3.0969984949850002
3.51,3.0981585963967064
3.51,3.0993184202525614
3.51,3.1004779739818606
3.51,3.101637265002137
3.51,3.102796300719514
3.51,3.103955088528988
3.51,3.1051136358148197
3.51,3.1062719499508114
3.51,3.107430038300648
3.51,3.1085879082182193
3.51,3.109745567047954
3.51,3.110903022125131
3.51,3.1120602807761895
3.51,3.113217350319071
3.51,3.114374238063535
3.51,3.115530951311458
3.51,3.116687497357177
3.51,3.1178438834877857
3.51,3.1190001169834423
3.51,3.1201562051177425
3.51,3.121312155157942
3.51,3.1224679743653447
3.51,3.1236236699955975
3.51,3.124779249298969
3.51,3.1259347195206986
3.51,3.1270900879012986
3.51,3.1282453616768757
3.51,3.1294005480793796
3.51,3.130555654337016
3.51,3.1317106876744605
3.51,3.1328656553132435
3.51,3.1340205644719816
3.51,3.135175422366733
3.51,3.1363302362113523
3.51,3.1374850132176793
3.51,3.1386397605959355
3.51,3.1397944855548334
3.51,3.140949195302657
3.51,3.1410814101334386
