3.942476676500724e-8
0.09022040655881607
0.17903877968604423
0.26518083951365384
0.34760004279094864
0.4255326545622561
0.49850591713069964
0.5663095514762402
0.6289461586479388
0.6865750817253361
0.7394599095467839
0.7879249287707665
0.8323220659915123
0.8730076046174253
0.9103269487541213
0.944605489426082
0.9761438193806089
1.005215885278594
1.0320690207478997
1.056925109256576
1.0799823647084634
1.1014173935960838
1.121387326688366
1.1400318929839823
1.1574753648946419
1.1738283399060188
1.1891893466530663
1.2036462769740703
1.2172776532177783
1.230153744006302
1.2423375432293724
1.253885627200739
1.2648489042521198
1.2752732699601448
1.2852001799374826
1.2946671508157674
1.3037081987887709
1.3123542239142227
1.3206333473122476
1.3285712074533755
1.3361912208967475
1.3435148121120601
1.350561616387403
1.3573496592790764
1.3638955155885437
1.3702144504462936
1.3763205447338138
1.3822268067753027
1.3879452719733365
1.3934870918414037
1.3988626136959306
1.4040814521065896
1.4091525530625688
1.4140842516907441
1.418884324256581
1.4235600350877078
1.428118178981397
1.4325651195889637
1.4369068242108347
1.4411488953845213
1.4452965996028566
1.4493548934607194
1.453328447494284
1.4572216679469252
1.461038716669707
1.4647835293413978
1.4684598321727493
1.4720711572420029
1.4756208565929294
1.479112115212876
1.482547962996093
1.4859312857867977
1.4892648355868692
1.492551240004565
1.4957930110131237
1.4989925530813957
1.5021521707326966
1.5052740755827358
1.508360392902756
1.51141316774976
1.514434370701942
1.5174259032340387
1.5203896027643053
1.5233272474021056
1.5262405604226834
1.529131214493515
1.5320008356746964
1.5348510072140829
1.5376832731563441
1.540499141783708
1.5433000889049302
1.546087561007925
1.5488629782905146
1.551627737582891
1.5543832151746282
1.5571307695584167
1.5598717441021224
1.5626074696602827
1.5653392671357407
1.5680684500017852
1.5707963267948966
1.5735242035880082
1.5762533864540524
1.5789851839295106
1.5817209094876707
1.5844618840313767
1.587209438415165
1.5899649160069023
1.5927296752992786
1.5955050925818683
1.5982925646848631
1.6010935118060854
1.6039093804334492
1.6067416463757105
1.609591817915097
1.6124614390962781
1.6153520931671097
1.6182654061876878
1.621203050825488
1.6241667503557546
1.6271582828878512
1.6301794858400331
1.6332322606870373
1.6363185780070573
1.6394404828570968
1.6426001005083974
1.6457996425766697
1.649041413585228
1.6523278180029242
1.6556613678029954
1.6590446905937002
1.6624805383769172
1.6659717969968637
1.6695214963477902
1.673132821417044
1.6768091242483953
1.6805539369200864
1.6843709856428681
1.6882642060955093
1.692237760129074
1.6962960539869367
1.7004437582052718
1.7046858293789586
1.7090275340008296
1.7134744746083963
1.7180326185020856
1.7227083293332124
1.7275084018990492
1.7324401005272243
1.7375112014832037
1.7427300398938625
1.7481055617483896
1.7536473816164568
1.7593658468144904
1.7652721088559795,3.96,3.97
1.7713782031434995,3.63,3.65,3.87,3.88,3.91,4.02,4.05,4.1,4.12,4.13,4.15,4.16,4.18,4.19,4.22,4.27,4.32,4.34
1.7776971380012496,3.43,3.44,3.48,3.68,3.69,4.4,4.45,4.53
1.784242994310717,3.32,3.33,3.35,3.37,3.39,4.69,4.71,4.76
1.79103103720239,3.1,3.12,3.13,3.14,3.15,4.88,4.89,4.9,4.91,4.92,4.93,4.95
1.798077841477733,2.96,2.97,3.02,5.08
1.8054014326930456,2.91,5.12,5.13,5.16,5.17,5.19
1.8130214461364178,2.77,2.82,2.84,5.33,5.4,5.41
1.8209593062775458,2.75,5.35,5.36,5.45
1.8292384296755704,2.58,2.61,2.71,5.6
1.8378844548010225,2.56,5.62,5.67,5.68
1.8469255027740261,2.5,5.72,5.73,5.75,5.79,5.8
1.8563924736523107,2.37,2.38,2.4,2.42,2.44,5.88
1.8663193836296488,2.3,2.32,2.33,5.96
1.8767437493376735,2.22,6.06
1.887707026389054,1.99,2.03,2.2,6.18
1.8992551103604212,1.93,2.05,2.06,2.07,2.16,2.17,2.18,6.29
1.9114389095834916,1.86,1.87,1.88,6.33
1.924315000372015,1.78,6.41
1.9379463766157228,1.73,6.56
1.952403306936727,1.67,6.65
1.967764313683775,1.64,6.74
1.9841172886951515,1.6,6.85
2.001560760605811,1.52,6.94,6.95,6.97
2.0202053269014275,1.44,7.01,7.03,7.04
2.0401752599937097,1.4,7.08,7.09,7.12,7.13,7.14
2.0616102888813304,1.36,7.19
2.0846675443332177,1.32,7.32
2.109523632841894,1.26,7.43
2.136376768311199,1.22,7.48
2.1654488342091844,1.16,7.59
2.196987164163712,1.11,1.12,1.13,7.65
2.2312657048356725,1.06,7.72
2.268585048972369,1.04,7.79,7.8,7.85
2.3092705875982817,0.98,7.93
2.3536677248190268,0.96,7.95,7.96,8.02
2.4021327440430094,0.91,8.04,8.05,8.11
2.455017571864459,0.88,8.13,8.16,8.21
2.5126464949418548,0.84,8.23,8.31,8.32
2.575283102113553,0.81,8.25,8.28,8.33
2.643086736459092,0.79,8.35,8.45,8.46
2.7160599990275363,0.77,8.37,8.43,8.47
2.7939926107988473,0.75,8.39,8.41,8.49
2.8764118140761363,0.72,0.73,0.75,8.5
2.962553873903746,0.72,8.51
3.0513722470309848,0.72,8.52
