1.5982925646848631,3.67,3.68,3.7,3.72,3.74,3.76
1.6010935118060854,3.44,3.56,3.66,3.79,3.8,3.81,3.84,3.85,3.88,3.89,3.91,3.92,3.94,3.99
1.6039093804334492,3.31,3.32,3.33,3.36,3.41,3.6,3.61,4.02,4.08,4.09
1.6067416463757105,3.23,3.28,3.3,4.13,4.16,4.17
1.609591817915097,3.22,4.21,4.22,4.3
1.6124614390962781,3.1,3.13,3.19,4.33
1.6153520931671097,3.0,3.01,3.02,4.36
1.6182654061876878,2.96,4.44
1.621203050825488,2.92,2.93,2.94,4.47,4.49,4.56,4.58,4.59
1.6241667503557546,2.87,4.6
1.6271582828878512,2.8,2.81,2.83,2.85,2.86,4.62
1.6301794858400331,2.77,4.63,4.64,4.69
1.6332322606870373,2.58,2.65,2.72,4.7,4.73,4.74
1.6363185780070573,2.55,2.66,2.7,4.78
1.6394404828570968,2.48,4.81
1.6426001005083974,2.46,4.85,4.86,4.91
1.6457996425766697,2.43,4.93
1.649041413585228,2.37,4.94
1.6523278180029242,2.34,4.99
1.6556613678029954,2.32,5.04
1.6590446905937002,2.28,5.1
1.6624805383769172,2.22,5.13
1.6659717969968637,2.19,5.19
1.6695214963477902,2.16,5.22
1.673132821417044,2.13,5.27
1.6768091242483953,2.1,5.3
1.6805539369200864,2.06,5.37
1.6843709856428681,2.02,5.39
1.6882642060955093,2.0,5.41,5.44,5.5
1.692237760129074,1.98,5.53
1.6962960539869367,1.92,5.58
1.7004437582052718,1.9,5.64
1.7046858293789586,1.86,5.66
1.7090275340008296,1.82,5.67
1.7134744746083963,1.79,5.68,5.77,5.78
1.7180326185020856,1.76,5.8
1.7227083293332124,1.73,5.82
1.7275084018990492,1.69,5.88
1.7324401005272243,1.66,5.9,5.92,5.95
1.7375112014832037,1.64,5.98
1.7427300398938625,1.61,6.03
1.7481055617483896,1.56,6.08
1.7536473816164568,1.53,6.12
1.7593658468144904,1.51,6.2
1.7652721088559795,1.49,6.26
1.7713782031434995,1.45,6.28
1.7776971380012496,1.43,6.35
1.784242994310717,1.4,6.39
1.79103103720239,1.38,6.44
1.798077841477733,1.33,6.49
1.8054014326930456,1.31,6.57
1.8130214461364178,1.27,6.65
1.8209593062775458,1.21,1.22,1.23,6.69
1.8292384296755704,1.2,6.76
1.8378844548010225,1.18,6.8
1.8469255027740261,1.17,6.84
1.8563924736523107,1.12,6.92,6.95,6.96
1.8663193836296488,1.09,6.99
1.8767437493376735,1.07,7.03
1.887707026389054,1.05,7.14
1.8992551103604212,0.99,7.18
1.9114389095834916,0.98,7.26
1.924315000372015,0.96,7.3
1.9379463766157228,0.94,7.37,7.4,7.41
1.952403306936727,0.92,7.45
1.967764313683775,0.89,7.52
1.9841172886951515,0.86,7.6
2.001560760605811,0.83,7.64
2.0202053269014275,0.8,0.81,0.82,7.71,7.74,7.75
2.0401752599937097,0.76,7.83
2.0616102888813304,0.75,7.87
2.0846675443332177,0.7,0.71,0.72,7.94
2.109523632841894,0.69,8.02
2.136376768311199,0.67,8.1
2.1654488342091844,0.66,8.14
2.196987164163712,0.63,8.22
2.2312657048356725,0.6,0.61,0.62,8.35
2.268585048972369,0.58,8.39
2.3092705875982817,0.56,8.47
2.3536677248190268,0.54,8.51
2.4021327440430094,0.52,8.6
2.455017571864459,0.51,8.64
2.5126464949418548,0.49,8.73
2.575283102113553,0.47,8.77
2.643086736459092,0.46,8.82
2.7160599990275363,0.45,8.86
2.7939926107988473,0.44,8.89
2.8764118140761363,0.44,8.95
2.962553873903746,0.44,8.95
3.0513722470309848,0.43,8.95
