3.942476676500724e-8
0.09022040655881607
0.17903877968604423
0.26518083951365384
0.34760004279094864
0.4255326545622561
0.49850591713069964
0.5663095514762402
0.6289461586479388
0.6865750817253361
0.7394599095467839
0.7879249287707665
0.8323220659915123
0.8730076046174253
0.9103269487541213
0.944605489426082
0.9761438193806089
1.005215885278594
1.0320690207478997
1.056925109256576
1.0799823647084634
1.1014173935960838
1.121387326688366
1.1400318929839823
1.1574753648946419
1.1738283399060188
1.1891893466530663
1.2036462769740703
1.2172776532177783
1.230153744006302
1.2423375432293724
1.253885627200739
1.2648489042521198
1.2752732699601448
1.2852001799374826
1.2946671508157674
1.3037081987887709
1.3123542239142227
1.3206333473122476
1.3285712074533755
1.3361912208967475
1.3435148121120601
1.350561616387403
1.3573496592790764
1.3638955155885437
1.3702144504462936
1.3763205447338138
1.3822268067753027
1.3879452719733365
1.3934870918414037
1.3988626136959306
1.4040814521065896
1.4091525530625688
1.4140842516907441
1.418884324256581
1.4235600350877078
1.428118178981397
1.4325651195889637
1.4369068242108347
1.4411488953845213
1.4452965996028566
1.4493548934607194
1.453328447494284
1.4572216679469252
1.461038716669707
1.4647835293413978
1.4684598321727493
1.4720711572420029
1.4756208565929294
1.479112115212876
1.482547962996093
1.4859312857867977
1.4892648355868692
1.492551240004565
1.4957930110131237
1.4989925530813957
1.5021521707326966
1.5052740755827358
1.508360392902756
1.51141316774976
1.514434370701942
1.5174259032340387
1.5203896027643053
1.5233272474021056,3.69,3.7,3.71,3.74
1.5262405604226834,3.36,3.37,3.39,3.44,3.45,3.5,3.51,3.56,3.65,3.76,3.77,3.82,3.88,3.89
1.529131214493515,3.32,3.59,3.62,3.91,3.94,3.98,3.99,4.0
1.5320008356746964,3.24,3.25,3.3,4.05,4.06,4.07
1.5348510072140829,3.2,4.07,4.08,4.09
1.5376832731563441,3.17,3.18,3.2,4.12
1.540499141783708,3.15,4.13,4.14,4.16
1.5433000889049302,3.13,4.23
1.546087561007925,2.9,2.97,3.06,3.08,3.09,3.1,3.11,4.25
1.5488629782905146,2.88,2.99,3.02,4.32
1.551627737582891,2.85,4.34
1.5543832151746282,2.82,4.39
1.5571307695584167,2.78,4.4,4.41,4.42
1.5598717441021224,2.75,4.46
1.5626074696602827,2.71,4.47
1.5653392671357407,2.66,4.5,4.51,4.52
1.5680684500017852,2.63,4.54
1.5707963267948966,2.6,4.56
1.5735242035880082,2.58,4.59,4.6,4.62
1.5762533864540524,2.57,4.64
1.5789851839295106,2.51,4.66
1.5817209094876707,2.48,4.7
1.5844618840313767,2.46,4.71
1.587209438415165,2.43,4.72,4.73,4.79
1.5899649160069023,2.41,4.84
1.5927296752992786,2.38,4.85
1.5955050925818683,2.35,4.86
1.5982925646848631,2.33,4.87
1.6010935118060854,2.3,4.88
1.6039093804334492,2.26,4.94
1.6067416463757105,2.23,4.96
1.609591817915097,2.21,5.01
1.6124614390962781,2.18,5.03
1.6153520931671097,2.16,5.07
1.6182654061876878,2.14,5.09,5.1,5.11
1.621203050825488,2.11,5.14
1.6241667503557546,2.09,5.15,5.16,5.17
1.6271582828878512,2.05,5.18
1.6301794858400331,2.03,5.21,5.22,5.23
1.6332322606870373,2.0,5.25
1.6363185780070573,1.98,5.27
1.6394404828570968,1.95,5.32
1.6426001005083974,1.92,5.35
1.6457996425766697,1.89,5.36
1.649041413585228,1.86,5.41
1.6523278180029242,1.84,5.42
1.6556613678029954,1.82,5.49
1.6590446905937002,1.8,5.51
1.6624805383769172,1.78,5.53
1.6659717969968637,1.74,5.6
1.6695214963477902,1.72,5.62
1.673132821417044,1.7,5.66
1.6768091242483953,1.69,5.68
1.6805539369200864,1.65,5.72
1.6843709856428681,1.62,5.76
1.6882642060955093,1.59,5.8
1.692237760129074,1.58,5.84
1.6962960539869367,1.55,5.88
1.7004437582052718,1.52,5.92
1.7046858293789586,1.49,5.96,5.97,5.98
1.7090275340008296,1.47,6.01
1.7134744746083963,1.45,6.03
1.7180326185020856,1.44,6.05
1.7227083293332124,1.42,6.09
1.7275084018990492,1.38,6.13
1.7324401005272243,1.36,6.19
1.7375112014832037,1.35,6.23
1.7427300398938625,1.32,6.29
1.7481055617483896,1.29,6.33
1.7536473816164568,1.27,6.39
1.7593658468144904,1.24,6.43
1.7652721088559795,1.22,6.47
1.7713782031434995,1.19,6.51
1.7776971380012496,1.17,6.57
1.784242994310717,1.16,6.61
1.79103103720239,1.13,6.65
1.798077841477733,1.09,6.74
1.8054014326930456,1.07,6.78
1.8130214461364178,1.05,6.82
1.8209593062775458,1.03,6.85,6.86,6.87,6.88,6.89
1.8292384296755704,1.01,6.93
1.8378844548010225,0.98,7.0
1.8469255027740261,0.96,7.04
1.8563924736523107,0.95,7.11
1.8663193836296488,0.93,7.14
1.8767437493376735,0.91,7.2
1.887707026389054,0.89,7.27
1.8992551103604212,0.84,7.35
1.9114389095834916,0.82,7.39
1.924315000372015,0.79,7.46
1.9379463766157228,0.77,7.53
1.952403306936727,0.75,7.59
1.967764313683775,0.73,7.68
1.9841172886951515,0.71,7.72
2.001560760605811,0.7,7.8
2.0202053269014275,0.68,7.84,7.85,7.87,7.88,7.89
2.0401752599937097,0.64,7.93
2.0616102888813304,0.62,8.01
2.0846675443332177,0.61,8.05
2.109523632841894,0.6,8.12,8.13,8.14
2.136376768311199,0.56,0.57,0.59,8.21,8.22,8.23
2.1654488342091844,0.54,8.3
2.196987164163712,0.53,8.36
2.2312657048356725,0.52,8.42
2.268585048972369,0.52,8.48,8.5,8.51,8.53,8.54
2.3092705875982817,0.47,8.57
2.3536677248190268,0.46,8.61
2.4021327440430094,0.44,8.7
2.455017571864459,0.43,8.74
2.5126464949418548,0.43,8.81
2.575283102113553,0.42,8.88
2.643086736459092,0.33,0.34,0.39,8.94
2.7160599990275363,0.32,0.38,0.39,8.95,8.97,8.98
2.7939926107988473,0.31,9.01
2.8764118140761363,0.3,9.02
2.962553873903746,0.29,9.05
3.0513722470309848,0.29,9.05,9.06,9.08
