3.942476676500724e-8,3.64
0.09022040655881607,3.65
0.17903877968604423,3.69
0.26518083951365384,3.76
0.34760004279094864,3.86
0.4255326545622561,3.98
0.49850591713069964,4.12
0.5663095514762402,4.28
0.6289461586479388,4.46
0.6865750817253361,4.66
0.7394599095467839,4.87
0.7879249287707665,5.08
0.8323220659915123,5.31
0.8730076046174253,5.55
0.9103269487541213,5.79
0.944605489426082,6.05
0.9761438193806089,6.3
1.005215885278594,6.56
1.0320690207478997,6.82
1.056925109256576,7.09
1.0799823647084634,7.36
1.1014173935960838,7.63
1.121387326688366,7.9
1.1400318929839823,8.17
1.1574753648946419,8.45
1.1738283399060188,8.72
1.1891893466530663,9.0
1.2036462769740703,9.27
1.2172776532177783,9.55
1.230153744006302,9.82
1.2423375432293724,10.09
1.253885627200739,10.37
1.2648489042521198,10.64
1.2752732699601448,10.91
1.2852001799374826,11.18
1.2946671508157674,11.44
1.3037081987887709,11.71
1.3123542239142227,11.97
1.3206333473122476,12.23
1.3285712074533755,12.49
1.3361912208967475,12.75
1.3435148121120601,13.01
1.350561616387403,13.26
1.3573496592790764,13.51
1.3638955155885437,13.76
1.3702144504462936,14.01
1.3763205447338138,14.25
1.3822268067753027,14.49
1.3879452719733365,14.73
1.3934870918414037,14.96
1.3988626136959306,15.19
1.4040814521065896,15.42
1.4091525530625688,15.65
1.4140842516907441,15.87
1.418884324256581,16.09
1.4235600350877078,16.31
1.428118178981397,16.52
1.4325651195889637,16.73
1.4369068242108347,16.93
1.4411488953845213,17.14
1.4452965996028566,17.34
1.4493548934607194,17.53
1.453328447494284,17.72
1.4572216679469252,17.91
1.461038716669707,18.09
1.4647835293413978,18.27
1.4684598321727493,18.45
1.4720711572420029,18.62
1.4756208565929294,18.79
1.479112115212876,18.96
1.482547962996093,19.12
1.4859312857867977,19.28
1.4892648355868692,19.43
1.492551240004565,19.58
1.4957930110131237,19.72
1.4989925530813957,19.86
1.5021521707326966,20.0
1.5052740755827358,20.13
1.508360392902756,20.26
1.51141316774976,20.38
1.514434370701942,20.5
1.5174259032340387,20.62
1.5203896027643053,20.73
1.5233272474021056,20.83
1.5262405604226834,20.94
1.529131214493515,21.03
1.5320008356746964,21.13
1.5348510072140829,21.22
1.5376832731563441,21.3
1.540499141783708,21.38
1.5433000889049302,21.46
1.546087561007925,0.14,21.53
1.5488629782905146,0.14,21.6
1.551627737582891,0.14,21.66
1.5543832151746282,0.15,21.72
1.5571307695584167,0.16,21.77
1.5598717441021224,0.18,21.82
1.5626074696602827,0.19,21.87
1.5653392671357407,0.2,21.91
1.5680684500017852,0.21,21.94
1.5707963267948966,0.23,21.97
1.5735242035880082,0.24,22.0
1.5762533864540524,0.25,22.02
1.5789851839295106,0.27,22.02
1.5817209094876707,0.28,22.02
1.5844618840313767,0.29,22.02
1.587209438415165,0.31,22.02
1.5899649160069023,0.32,22.02
1.5927296752992786,0.33,22.02
1.5955050925818683,0.35,22.02
1.5982925646848631,0.36,22.03
1.6010935118060854,0.37,22.0
1.6039093804334492,0.39,21.98
1.6067416463757105,0.4,21.95
1.609591817915097,0.41,21.93
1.6124614390962781,0.43,21.89
1.6153520931671097,0.44,21.84
1.6182654061876878,0.45,21.79
1.621203050825488,0.46,21.74
1.6241667503557546,0.48,21.71
1.6271582828878512,0.49,21.63
1.6301794858400331,0.5,21.56
1.6332322606870373,0.52,21.51
1.6363185780070573,0.53,21.44
1.6394404828570968,0.54,21.35
1.6426001005083974,0.56,21.3
1.6457996425766697,0.57,21.21
1.649041413585228,0.58,21.12
1.6523278180029242,0.6,21.05
1.6556613678029954,0.61,20.93
1.6590446905937002,0.62,20.87
1.6624805383769172,0.64,20.73
1.6659717969968637,0.65,20.68
1.6695214963477902,0.66,20.53
1.673132821417044,0.68,20.45
1.6768091242483953,0.69,20.34
1.6805539369200864,0.7,20.19
1.6843709856428681,0.72,20.13
1.6882642060955093,0.73,19.98
1.692237760129074,0.74,19.83
1.6962960539869367,0.75,19.76
1.7004437582052718,0.77,19.62
1.7046858293789586,0.78,19.47
1.7090275340008296,0.79,19.31
1.7134744746083963,0.81,19.2
1.7180326185020856,0.82,19.11
1.7227083293332124,0.83,18.95
1.7275084018990492,0.85,18.8
1.7324401005272243,0.86,18.65
1.7375112014832037,0.87,18.51
1.7427300398938625,0.89,18.36
1.7481055617483896,0.9,18.2
1.7536473816164568,0.91,18.06
1.7593658468144904,0.92,17.92
1.7652721088559795,0.94,17.77
1.7713782031434995,0.95,17.55
1.7776971380012496,0.96,17.41
1.784242994310717,0.98,17.27
1.79103103720239,0.99,17.13
1.798077841477733,1.0,16.92
1.8054014326930456,1.02,16.78
1.8130214461364178,1.03,16.65
1.8209593062775458,1.04,16.44
1.8292384296755704,1.05,16.31
1.8378844548010225,1.07,16.12
1.8469255027740261,1.08,15.98
1.8563924736523107,1.09,15.79
1.8663193836296488,1.1,15.66
1.8767437493376735,1.12,15.48
1.887707026389054,1.13,15.3
1.8992551103604212,1.14,15.17
1.9114389095834916,1.15,15.0
1.924315000372015,1.17,14.83
1.9379463766157228,1.18,14.67
1.952403306936727,1.19,14.51
1.967764313683775,1.2,14.34,14.37,14.38
1.9841172886951515,1.21,14.18,14.2,14.22
2.001560760605811,1.23,14.02,14.04,14.06
2.0202053269014275,1.24,13.87,13.89,13.91
2.0401752599937097,1.25,13.72,13.74,13.76
2.0616102888813304,1.26,13.58,13.6,13.61
2.0846675443332177,1.27,13.44
2.109523632841894,1.29,13.29
2.136376768311199,1.3,13.16
2.1654488342091844,1.31,13.02
2.196987164163712,1.32,12.89
2.2312657048356725,1.33,12.77
2.268585048972369,1.34,12.64
2.3092705875982817,1.35,12.52
2.3536677248190268,1.36,12.4
2.4021327440430094,1.37,12.29
2.455017571864459,1.38,12.19
2.5126464949418548,1.38,12.09
2.575283102113553,1.39,12.01
2.643086736459092,1.4,11.94
2.7160599990275363,1.4,11.87
2.7939926107988473,1.41,11.8
2.8764118140761363,1.41,11.75
2.962553873903746,1.41,11.74
3.0513722470309848,1.42,11.72
