0.968039938835978,3.61,3.63
0.9832987176399733,3.6,3.64,3.69,3.72
0.9982293554501941,3.59,3.65,3.67,3.72,3.73,3.74
1.0128430118173046,3.57,3.79
1.0271506131766222,3.5,3.56,3.57,3.81,3.88,3.89,3.9,3.93,3.95,3.96
1.0411628388801009,3.39,3.41,3.46,3.82,3.88,3.97
1.0548901106242834,3.23,3.25,3.36,3.44,3.45,4.0
1.0683425848475037,3.2,3.27,3.34,4.01
1.0815301477094734,3.19,3.28,3.32,4.02
1.09446241230434,3.15,3.3,3.32,4.03,4.05,4.09
1.1071487177940904,3.12,4.09
1.1195981301825424,3.11,4.1
1.1318194444810508,3.09,4.11
1.1438211880454292,3.07,4.11,4.12,4.16
1.155611624889481,3.05,4.17
1.1671987608040655,3.03,4.2
1.1785903491318641,3.01,4.2
1.1897938970671382,2.99,4.23
1.200816672366895,2.96,4.24
1.2116657103751751,2.93,4.26,4.28,4.29
1.2223478212757841,2.92,4.3
1.232869597500856,2.9,4.32
1.2432374212333195,2.87,4.32
1.2534574719507448,2.85,4.33
1.2635357339663318,2.83,4.34
1.2734780039300622,2.82,4.35
1.2832898982593948,2.79,4.36
1.2929768604744192,2.75,4.38
1.302544168417224,2.74,4.43
1.311996941339404,2.73,4.45
1.3213401468452781,2.71,4.47
1.3305786076815,2.7,4.47
1.33971700836645,2.68,4.5
1.3487599016550962,2.65,4.51
1.3577117148369957,2.63,4.53
1.3665767558667776,2.62,4.54
1.3753592193278825,2.61,4.56
1.3840631922315287,2.58,4.61
1.39269265965389,2.57,4.62
1.401251510215308,2.54,4.62
1.4097435414060608,2.52,4.64
1.4181724647637852,2.51,4.64
1.4265419109081139,2.49,4.67
1.4348554344384705,2.47,4.69
1.4431165187012573,2.45,4.71
1.4513285804329157,2.43,4.72
1.4594949742855032,2.42,4.74
1.4676189972415818,2.4,4.77
1.4757038929252935,2.37,4.78
1.4837528558165671,2.34,4.8
1.4917690353754496,2.33,4.81
1.499755540083554,2.31,4.82,4.83,4.84
1.5077154414096439,2.3,4.85
1.5156517777063445,2.28,4.87
1.5235675580449726,2.26,4.89
1.5314657659954438,2.24,4.91
1.5393493633581972,2.21,4.93
1.5472212938550514,2.2,4.93
1.5550844867858782,2.18,4.94
1.562941860657963,2.17,4.96
1.5707963267948968,2.14,4.99
1.5786507929318303,2.13,5.0
1.5865081668039152,2.11,5.01
1.594371359734742,2.09,5.07
1.6022432902315962,2.08,5.08
1.6101268875943497,2.06,5.08
1.6180250955448208,2.04,5.1
1.6259408758834488,2.03,5.11
1.6338772121801495,2.01,5.12
1.6418371135062393,1.99,5.18
1.6498236182143438,1.97,5.19
1.6578397977732262,1.96,5.2
1.6658887606645,1.94,5.21
1.6739736563482113,1.92,5.23
1.68209767930429,1.9,5.24
1.6902640731568777,1.88,5.25,5.26,5.31
1.698476134888536,1.86,5.32
1.706737219151323,1.84,5.33
1.7150507426816795,1.83,5.34
1.7234201888260081,1.81,5.36
1.7318491121837325,1.8,5.37
1.7403411433744853,1.77,5.38
1.7488999939359033,1.75,5.45
1.7575294613582646,1.73,5.46
1.7662334342619106,1.71,5.48
1.7750158977230157,1.7,5.49
1.7838809387527976,1.69,5.5
1.7928327519346972,1.68,5.57
1.8018756452233433,1.66,5.58
1.811014045908293,1.64,5.59
1.820252506744515,1.61,5.6
1.8295957122503894,1.6,5.66
1.8390484851725692,1.58,5.67
1.848615793115374,1.57,5.69
1.8583027553303986,1.55,5.7
1.868114649659731,1.54,5.76
1.8780569196234618,1.53,5.77
1.8881351816390486,1.51,5.78
1.898355232356474,1.48,5.81
1.9087230560889374,1.46,5.84
1.9192448323140092,1.44,5.88
1.9299269432146182,1.43,5.9
1.9407759812228984,1.41,5.91
1.9517987565226549,1.38,5.94
1.963002304457929,1.36,5.98
1.9743938927857276,1.34,6.02
1.9859810287003123,1.33,6.02
1.9977714655443641,1.32,6.05
2.0097732091087424,1.31,6.08
2.021994523407251,1.29,6.11,6.12,6.13
2.0344439357957027,1.28,6.15
2.0471302412854535,1.25,6.17
2.06006250588032,1.23,6.2
2.0732500687422895,1.22,6.23
2.0867025429655097,1.2,6.27
2.1004298147096923,1.2,6.3
2.1144420404131714,1.17,6.32
2.1287496417724885,1.15,6.35,6.36,6.38
2.143363298139599,1.13,6.39,6.4,6.41
2.1582939359498194,1.12,6.42,6.44,6.45
2.173552714753815,1.11,6.46
2.1891510093857023,1.1,6.48
2.2051003877575077,1.09,6.52
2.2214125837286427,1.08,6.55,6.56,6.58
2.2380994644590513,1.06,6.59
2.25517299161785,1.03,6.61
2.272645175787611,1.02,6.62
2.290528023380451,1.01,6.7
2.308833475368758,0.99,6.72
2.327573337134268,0.99,6.73
2.3467591987584515,0.98,6.76
2.36640234511941,0.97,6.8
2.386513655231066,0.96,6.84
2.4071034903648636,0.95,6.84
2.4281815706385332,0.94,6.89
2.4497568399465686,0.92,6.92
2.471837319348561,0.91,6.95
2.4944299493291506,0.91,6.98
2.5175404217005757,0.9,7.0
2.5411730023368024,0.88,7.02
2.5653303464053514,0.86,7.05
2.5900133082937997,0.84,7.07
2.615220749002108,0.83,7.08,7.09,7.1
2.640949344373829,0.83,7.12
2.6671933981467384,0.82,7.14
2.6939446643880904,0.8,7.15,7.16,7.17,7.18,7.19
2.7211921844067257,0.8,7.2
2.748922143663317,0.79,7.21
2.7771177544871666,0.79,7.23
2.80575917050775,0.79,7.23
2.834823438578154,0.78,7.24,7.25,7.26
2.8642844935691674,0.78,7.28,7.29,7.3,7.31,7.32
2.8941132007202035,0.78,7.3,7.31,7.32
2.9242774492365498,0.77,7.33
2.9547422995301686,0.77,7.33
2.9854701849458056,0.77,7.34
3.016421167050534,0.77,7.34
3.0475532416723334,0.77,7.34
3.078822690948687,0.76,7.35
3.1101844748000573,0.76,7.35
