b,alpha
1.035,0.005758708743792272
1.035,0.011517066967417396
1.035,0.01727474416774362
1.035,0.023031410088319514
1.035,0.028786734841309565
1.035,0.03454038902576462
1.035,0.04029204384845649
1.035,0.04604137124155877
1.035,0.05178804398200844
1.035,0.057531735808640815
1.035,0.06327212153847417
1.035,0.06900887718296009
1.035,0.07474168006221307
1.035,0.08047020891874636
1.035,0.08619414402936602
1.06,0.09191316731620534
1.06,0.09762696245619559
1.06,0.10333521498846313
1.06,0.10903761242115666
1.06,0.11473384433532284
1.06,0.12042360248803899
1.06,0.12610658091296062
1.06,0.1317824760193232
1.06,0.13745098668865058
1.06,0.14311181436958778
1.06,0.1487646631703347
1.06,0.15440923994910147
1.06,0.16004525440200926
1.06,0.16567241914885897
1.06,0.17129044981636932
1.06,0.176899065119037
1.06,0.18249798693743263
1.06,0.18808694039395796
1.06,0.19366565392617446
1.06,0.19923385935718274
1.06,0.2047912919637764
1.06,0.2103376905415811
1.06,0.21587279746761864
1.06,0.22139635876017993
1.06,0.22690812413594016
1.06,0.23240784706421747
1.085,0.23789528481870295
1.085,0.24337019852610023
1.085,0.24883235321233083
1.085,0.2542815178456646
1.085,0.25971746537729934
1.085,0.2651399727791173
1.085,0.27054882107855854
1.085,0.2759437953909704
1.085,0.2813246849490747
1.085,0.2866912831298007
1.085,0.29204338747839864
1.085,0.2973807997299198
1.085,0.3027033258280314
1.085,0.30801077594130544
1.085,0.31330296447682543
1.085,0.31857971009135305
1.085,0.3238408356999334
1.085,0.3290861684820563
1.085,0.334315539885465
1.085,0.33952878562742467
1.085,0.3447257456938531
1.085,0.34990626433601446
1.085,0.3550701900650314
1.085,0.36021737564421813
1.085,0.3653476780792496
1.085,0.37046095860623823
1.085,0.37555708267778276
1.085,0.38063591994705614
1.16,0.3856973442499208
1.16,0.39074123358516466
1.16,0.39576747009303714
1.16,0.40077594003180594
1.16,0.40576653375283706
1.16,0.41073914567389663
1.16,0.4156936742508672
1.16,0.4206300219479958
1.16,0.42554809520661874
1.16,0.4304478044124718
1.16,0.4353290638616911
1.16,0.44019179172543343
1.16,0.44503591001334264
1.16,0.44986134453577026
1.16,0.45466802486487706
1.16,0.459455884294706
1.16,0.46422485980016254
1.16,0.46897489199514236
1.16,0.47370592508963466
1.16,0.47841790684606533
1.185,0.48311078853480816
1.185,0.4877845248889415
1.185,0.492439074058349
1.185,0.4970743975631403
1.185,0.5016904602464903
1.185,0.5062872302269547
1.185,0.5108646788502841
1.185,0.515422780640773
1.185,0.5199615132522287
1.21,0.5244808574185821
1.21,0.5289807969041798
1.21,0.5334613184538227
1.21,0.5379224117425575
1.21,0.5423640693253139
1.21,0.546786286586352
1.21,0.5511890616886558
1.21,0.5555723955232151
1.235,0.5599362916582922
1.235,0.5642807562886969
1.235,0.5686057981850823
1.235,0.5729114286433242
1.235,0.577197661433981
1.235,0.5814645127519208
1.235,0.585712001166064
1.26,0.5899401475693503
1.26,0.5941489751288981
1.26,0.5983385092364442
1.26,0.6025087774589779
1.26,0.6066598094897655
1.26,0.6107916370995847
1.26,0.61490429408837
1.26,0.6189978162372051
1.285,0.6230722412606243
1.285,0.6271276087594179
1.285,0.6311639601737391
1.285,0.6351813387367334
1.285,0.6391797894285419
1.285,0.6431593589308017
1.31,0.6471200955816175
1.31,0.651062049330997
1.31,0.6549852716968195
1.31,0.6588898157212801
1.31,0.6627757359278745
1.31,0.6666430882789108
1.31,0.6704919301335484
1.335,0.6743223202064051
1.335,0.678134318526708
1.335,0.6819279863979844
1.335,0.6857033863583626
1.335,0.6894605821414017
1.335,0.6931996386375465
1.36,0.6969206218561
1.36,0.700623598887843
1.36,0.7043086378682032
1.36,0.70797580794103
1.36,0.7116251792229543
1.36,0.7152568227683391
1.36,0.7188708105348259
1.385,0.7224672153494883
1.385,0.7260461108755534
1.385,0.7296075715797328
1.385,0.7331516727001527
1.385,0.7366784902148453
1.385,0.7401881008108684
1.41,0.7436805818539717
1.41,0.7471560113588771
1.41,0.750614467960132
1.41,0.7540560308835207
1.41,0.7574807799180896
1.435,0.7608887953886935
1.435,0.7642801581291613
1.435,0.7676549494559808
1.435,0.7710132511425611
1.435,0.7743551453940452
1.435,0.7776807148226782
1.46,0.7809900424236925
1.46,0.784283211551771
1.46,0.7875603058980023
1.46,0.7908214094673898
1.46,0.7940666065568678
1.46,0.7972959817338376
1.485,0.8005096198152087
1.485,0.803707605846956
1.485,0.8068900250841448
1.485,0.8100569629714828
1.485,0.8132085051243195
1.485,0.8163447373101519
1.485,0.8194657454305828
1.485,0.8225716155037526
1.535,0.8256624336472255
1.535,0.8287382860613163
1.535,0.8317992590128886
1.535,0.8348454388195565
1.535,0.8378769118343392
1.535,0.8408937644307304
1.535,0.8438960829881985
1.56,0.8468839538780649
1.56,0.8498574634498257
1.56,0.8528166980178443
1.56,0.8557617438484343
1.56,0.8586926871473429
1.585,0.8616096140475944
1.585,0.8645126105977097
1.585,0.8674017627502895
1.585,0.870277156350953
1.585,0.8731388771276327
1.585,0.875987010680197
1.585,0.8788216424704351
1.585,0.8816428578123452
1.635,0.8844507418627708
1.635,0.8872453796123454
1.635,0.890026855876744
1.635,0.892795255288249
1.635,0.8955506622876173
1.635,0.898293161116236
1.635,0.9010228358085646
1.66,0.9037397701848685
1.66,0.9064440478442197
1.66,0.9091357521577752
1.66,0.9118149662623145
1.66,0.9144817730540408
1.66,0.9171362551826361
1.66,0.9197784950455619
1.71,0.9224085747826098
1.71,0.9250265762706795
1.71,0.9276325811188006
1.71,0.9302266706633767
1.71,0.9328089259636506
1.71,0.9353794277973975
1.71,0.937938256656814
1.735,0.9404854927446342
1.735,0.943021215970434
1.735,0.9455455059471477
1.735,0.9480584419877651
1.76,0.9505601031022316
1.76,0.9530505679945287
1.76,0.9555299150599305
1.76,0.9579982223824495
1.76,0.9604555677324453
1.785,0.9629020285644052
1.785,0.9653376820148947
1.785,0.9677626049006601
1.785,0.9701768737169018
1.81,0.9725805646356863
1.81,0.9749737535045175
1.81,0.9773565158450576
1.81,0.97972892685198
1.835,0.9820910613919748
1.835,0.9844429940028777
1.835,0.9867847988929461
1.835,0.9891165499402522
1.835,0.9914383206922115
1.86,0.9937501843652331
1.86,0.9960522138444869
1.86,0.9983444816837985
1.86,1.0006270601056444
1.86,1.0029000210012764
1.86,1.005163435930945
1.86,1.0074173761242318
1.86,1.0096619124804875
1.86,1.011897115569374
1.86,1.014123055631504
1.96,1.016339802579178
1.96,1.0185474259972174
1.96,1.020745995143891
1.96,1.0229355789519308
1.96,1.0251162460296364
1.96,1.0272880646620723
1.96,1.0294511028123368
1.96,1.0316054281229303
1.96,1.03375110791719
1.96,1.035888209200814
1.96,1.038016798663458
1.96,1.04013694268041
1.96,1.042248707314337
1.96,1.0443521583171071
1.96,1.0464473611316816
1.96,1.04853438089408
1.96,1.0506132824354057
1.96,1.0526841302839478
1.96,1.0547469886673457
2.11,1.0568019215148152
2.11,1.058848992459443
2.11,1.0608882648405418
2.11,1.062919801706065
2.11,1.0649436658150857
2.11,1.0669599196403317
2.11,1.068968625370782
2.11,1.0709698449143188
2.11,1.0729636399004383
2.11,1.0749500716830171
2.11,1.0769292013431322
2.11,1.0789010896919415
2.11,1.0808657972736138
2.11,1.0828233843683124
2.11,1.0847739109952361
2.16,1.0867174369157109
2.16,1.0886540216363327
2.16,1.090583724412167
2.16,1.0925066042499934
2.16,1.0944227199116106
2.185,1.0963321299171858
2.185,1.0982348925486582
2.185,1.1001310658531964
2.185,1.1020207076467026
2.21,1.1039038755173718
2.21,1.1057806268292993
2.21,1.1076510187261448
2.235,1.109515108134841
2.235,1.111372951769365
2.235,1.113224606134547
2.235,1.1150701275299486
2.26,1.1169095720537787
2.26,1.1187429956068762
2.26,1.1205704538967356
2.285,1.122392002441595
2.285,1.1242076965745762
2.285,1.1260175914478798
2.31,1.1278217420370402
2.31,1.1296202031452336
2.31,1.1314130294076492
2.31,1.1332002752959154
2.31,1.134981995122588
2.31,1.1367582430457017
2.31,1.1385290730733786
2.31,1.1402945390685062
2.31,1.1420546947534769
2.31,1.143809593714994
2.435,1.1455592894089444
2.435,1.1473038351653435
2.435,1.1490432841933467
2.435,1.1507776895863366
2.435,1.1525071043270798
2.435,1.1542315812929647
2.435,1.1559511732613097
2.435,1.1576659329147596
2.435,1.159375912846756
2.435,1.1610811655670947
2.435,1.1627817435075682
2.485,1.1644776990276968
2.485,1.1661690844205506
2.485,1.1678559519186607
2.485,1.169538353700034
2.485,1.1712163418942585
2.51,1.1728899685887153
2.51,1.1745592858348899
2.51,1.1762243456547967
2.51,1.1778852000475113
2.56,1.1795419009958132
2.56,1.1811945004729545
2.56,1.1828430504495406
2.56,1.1844876029005422
2.585,1.1861282098124328
2.585,1.1877649231904612
2.585,1.1893977950660584
2.61,1.1910268775043902
2.61,1.1926522226120513
2.61,1.1942738825449135
2.635,1.195891909516131
2.635,1.1975063558043006
2.635,1.1991172737617986
2.66,1.2007247158232777
2.66,1.202328734514353
2.66,1.2039293824604649
2.66,1.205526712395935
2.66,1.2071207771732175
2.735,1.2087116297723572
2.735,1.210299323310655
2.735,1.2118839110525523
2.735,1.2134654464197443
2.735,1.2150439830015212
2.735,1.2166195745653592
2.735,1.2181922750677552
2.735,1.2197621386653266
2.735,1.2213292197261783
2.735,1.222893572841548
2.835,1.2244552528377444
2.835,1.2260143147883817
2.835,1.2275708140269261
2.835,1.2291248061595685
2.835,1.2306763470784274
2.835,1.2322254929751009
2.86,1.2337723003545817
2.86,1.2353168260495428
2.86,1.2368591272350153
2.86,1.2383992614434656
2.91,1.239937286580297
2.91,1.2414732609397823
2.91,1.2430072432214516
2.935,1.2445392925469505
2.935,1.2460694684773845
2.935,1.2475978310311755
2.935,1.2491244407024453
2.985,1.2506493584799476
2.985,1.2521726458665767
2.985,1.2536943648994663
2.985,1.2552145781707131
2.985,1.2567333488487424
2.985,1.2582507407003483
3.06,1.259766818113433
3.06,1.2612816461204759
3.06,1.2627952904227644
3.06,1.2643078174154156
3.085,1.2658192942132258
3.085,1.2673297886773822
3.11,1.2688393694430742
3.11,1.2703481059480422
3.11,1.271856068462108
3.11,1.2733633281177288
3.16,1.2748699569416153
3.16,1.2763760278874734
3.16,1.2778816148699057
3.16,1.2793867927995373
3.16,1.2808916376194128
3.235,1.2823962263427322
3.235,1.283900637091976
3.235,1.2854049491394965
3.235,1.286909242949634
3.235,1.2884136002224378
3.285,1.2899181039390613
3.285,1.291422838408917
3.285,1.2929278893186757
3.31,1.2944333437831945
3.31,1.2959392903984757
3.335,1.2974458192967504
3.335,1.2989530222037977
3.36,1.3004609924986075
3.36,1.3019698252755068
3.385,1.3034796174088767
3.385,1.3049904676205901
3.385,1.3065024765503108
3.435,1.3080157468288092
3.435,1.3095303831544418
3.435,1.311046492372974
3.485,1.3125641835609168
3.485,1.3140835681125687
3.485,1.3156047598309657
3.51,1.3171278750229505
3.51,1.3186530325985897
3.51,1.3201803541751806
3.585,1.3217099641861065
3.585,1.323241989994811
3.585,1.324776562014187
3.585,1.326313813831693
3.585,1.3278538823405246
3.66,1.3293969078772006
3.66,1.3309430343659387
3.66,1.3324924094702322
3.66,1.3340451847520507
3.66,1.3356015158391379
3.735,1.3371615626008961
3.735,1.3387254893333898
3.735,1.3402934649540381
3.735,1.3418656632066048
3.785,1.3434422628771394
3.785,1.3450234480215753
3.81,1.346609408205734
3.81,1.3482003387585517
3.81,1.349796441039396
3.885,1.3513979227204125
3.885,1.3530049980849137
3.885,1.3546178883428956
3.885,1.356236821964858
3.885,1.3578620350351938
3.885,1.3594937716265174
4.01,1.3611322841964029
4.01,1.3627778340081365
4.01,1.3644306915772044
4.01,1.3660911371453885
4.035,1.3677594611844934
4.085,1.3694359649319003
4.085,1.3711209609603294
4.085,1.372814773784389
4.16,1.3745177405067255
4.16,1.376230211506813
4.16,1.3779525511757076
4.21,1.3796851387003644
4.21,1.3814283689014522
4.235,1.3831826531289386
4.26,1.3849484202201112
4.285,1.386726117525119
4.285,1.3885162120055863
4.31,1.3903191914123492
4.36,1.39213556554894
4.36,1.3939658676280389
4.36,1.3958106557287946
4.435,1.3976705143636505
4.435,1.3995460561641102
4.485,1.4014379236957715
4.485,1.4033467914139022
4.51,1.4052733677719016
4.56,1.4072183974961137
4.585,1.409182664041711
4.585,1.411166992245704
4.635,1.4131722511945664
4.66,1.4151993573255208
4.71,1.4172492777821568
4.71,1.419323034046786
4.76,1.4214217058737224
4.785,1.4235464355495155
4.81,1.4256984325079802
4.86,1.427878978329627
4.86,1.4300894321567064
4.935,1.4323312365563867
4.935,1.4346059238654745
5.01,1.4369151230502564
5.01,1.4392605671142404
5.06,1.441644101084333
5.06,1.444067690601757
5.135,1.4465334311370295
5.135,1.4490435578375744
5.21,1.4516004560007003
5.235,1.4542066721419757
5.285,1.4568649255971786
5.335,1.459578120551973
5.385,1.4623493583333547
5.41,1.4651819497156964
5.46,1.4680794268854398
5.51,1.4710455545640455
5.56,1.4740843395985426
5.61,1.4772000380806625
5.66,1.480397158734425
5.71,1.4836804609016694
5.76,1.4870549449378752
5.835,1.490525832190465
5.885,1.49409853095794
5.935,1.4977785839227142
6.01,1.5015715915402934
6.06,1.5054831048223452
6.135,1.5095184800104013
6.185,1.5136826870430846
6.26,1.517980063858498
6.335,1.5224140100071384
6.385,1.5269866165243948
6.46,1.5316982353896778
6.535,1.5365470019739962
6.585,1.5415283379868363
6.66,1.5466344798586535
6.735,1.5518540957423976
6.785,1.5571720685907187
6.835,1.562569526223332
6.91,1.5680241847433847
6.96,1.5735110348614512
7.01,1.5790033443554456
7.06,1.5844738859392202
7.085,1.58989624714489
7.135,1.595246056129808
7.16,1.6005019739578066
7.21,1.6056463546171031
7.235,1.6106655413221476
7.235,1.6155498303786895
7.26,1.6202931765538622
7.285,1.624892731210065
7.285,1.6293483002317874
7.31,1.6336617913891218
7.31,1.6378366987480704
7.335,1.6418776511119901
7.335,1.6457900353192334
7.335,1.6495796942463956
7.335,1.6532526929451903
7.335,1.656815143325984
7.335,1.660273077034214
7.36,1.6636323567085758
7.36,1.6668986169967746
7.36,1.670077228111867
7.36,1.6731732760967213
7.335,1.6761915552047764
7.335,1.679136568855955
7.335,1.6820125364834673
7.335,1.684823404267538
7.335,1.6875728582814915
7.335,1.6902643389811856
7.335,1.6929010562755433
7.335,1.6954860046454068
7.335,1.6980219779478924
7.335,1.7005115836680647
7.335,1.7029572564701931
7.31,1.7053612709657393
7.31,1.7077257536611028
7.31,1.7100526940800154
7.31,1.7123439550770614
7.31,1.7146012823729233
7.31,1.7168263133506716
7.31,1.7190205851573057
7.31,1.7211855421569298
7.285,1.723322542782238
7.285,1.7254328658300313
7.285,1.7275177162446884
7.285,1.729578230431229
7.285,1.731615481137025
7.285,1.7336304819385164
7.285,1.7356241913665866
7.285,1.73759751670159
7.26,1.739551317466493
7.26,1.7414864086441821
7.26,1.743403563642743
7.26,1.7453035170304263
7.26,1.7471869670600868
7.26,1.7490545780011097
7.26,1.7509069822952186
7.235,1.7527447825510718
7.235,1.7545685533912168
7.235,1.7563788431637308
7.235,1.7581761755297776
7.235,1.759961050937286
7.235,1.761733947990051
7.235,1.763495324720717
7.235,1.7652456197753639
7.21,1.7669852535167194
7.21,1.7687146290524163
7.21,1.7704341331941464
7.21,1.7721441373530609
7.21,1.7738449983762992
7.21,1.7755370593291193
7.21,1.7772206502267212
7.21,1.778896088719505
7.185,1.7805636807352068
7.185,1.782223721081051
7.185,1.7838764940088243
7.185,1.785522273745518
7.185,1.787161324991986
7.185,1.788793903391865
7.185,1.7904202559728248
7.185,1.7920406215620603
7.185,1.793655231177776
7.16,1.795264308398292
7.16,1.7968680697102668
7.16,1.7984667248374226
7.16,1.8000604770510544
7.16,1.8016495234635066
7.16,1.8032340553057153
7.16,1.8048142581898365
7.16,1.8063903123578993
7.16,1.8079623929173625
7.135,1.8095306700643896
7.135,1.8110953092955917
7.135,1.8126564716089493
7.135,1.8142143136945612
7.135,1.8157689881158308
7.135,1.8173206434816596
7.135,1.8188694246101726
7.135,1.820415472684475
7.135,1.8219589254008934
7.135,1.8234999171101387
7.11,1.8250385789517893
7.11,1.826575038982471
7.11,1.8281094222980856
7.11,1.8296418511504173
7.11,1.8311724450584284
7.11,1.8327013209145273
7.11,1.8342285930860849
7.11,1.8357543735124546
7.11,1.8372787717977297
7.11,1.8388018952994671
7.085,1.8403238492135865
7.085,1.8418447366556419
7.085,1.843364658738654
7.085,1.8448837146476804
7.085,1.846402001711282
7.085,1.8479196154700492
7.085,1.8494366497423307
7.085,1.850953196687302
7.085,1.8524693468655087
7.085,1.8539851892970003
7.085,1.855500811517181
7.06,1.8570162996304762
7.06,1.8585317383619275
7.06,1.8600472111068078
7.06,1.8615627999783557
7.06,1.8630785858537096
7.06,1.8645946484181322
7.06,1.8661110662075968
7.06,1.8676279166498173
7.06,1.869145276103786
7.06,1.8706632198978905
7.06,1.872181822366672
7.06,1.8737011568862854
7.035,1.8752212959087158
7.035,1.8767423109948125
7.035,1.8782642728461845
7.035,1.8797872513360108
7.035,1.881311315538812
7.035,1.8828365337592254
7.035,1.8843629735598295
7.035,1.8858907017880528
7.035,1.8874197846022103
7.035,1.8889502874967008
7.035,1.8904822753264012
7.035,1.892015812330291
7.035,1.8935509621543343
7.01,1.8950877878736572
7.01,1.8966263520140427
7.01,1.8981667165727734
7.01,1.899708943038843
7.01,1.9012530924125732
7.01,1.902799225224646
7.01,1.9043474015545812
7.01,1.9058976810486812
7.01,1.907450122937462
7.01,1.90900478605259
7.01,1.9105617288433445
7.01,1.9121210093926218
7.01,1.9136826854325024
6.985,1.9152468143593948
6.985,1.916813453248771
6.985,1.9183826588695108
6.985,1.9199544876978678
6.985,1.9215289959310757
6.985,1.9231062395005998
6.985,1.924686274085054
6.985,1.9262691551227917
6.985,1.9278549378241836
6.985,1.9294436771835937
6.985,1.931035427991063
6.985,1.9326302448437143
6.985,1.9342281821568814
6.985,1.9358292941749835
6.985,1.9374336349821402
6.96,1.9390412585125483
6.96,1.9406522185606203
6.96,1.9422665687908955
6.96,1.9438843627477345
6.96,1.9455056538647975
6.96,1.947130495474323
6.96,1.948758940816203
6.96,1.9503910430468725
6.96,1.9520268552480071
6.96,1.9536664304350482
6.96,1.9553098215655524
6.96,1.956957081547373
6.96,1.9586082632466795
6.96,1.960263419495822
6.96,1.961922603101041
6.935,1.9635858668500323
6.935,1.9652532635193687
6.935,1.9669248458817838
6.935,1.9686006667133211
6.935,1.9702807788003562
6.935,1.9719652349464893
6.935,1.9736540879793187
6.935,1.975347390757094
6.935,1.9770451961752564
6.935,1.9787475571728677
6.935,1.980454526738926
6.935,1.9821661579185825
6.935,1.9838825038192545
6.935,1.9856036176166354
6.935,1.9873295525606127
6.935,1.9890603619810878
6.91,1.990796099293707
6.91,1.9925368180055028
6.91,1.994282571720448
6.91,1.996033414144922
6.91,1.9977893990931035
6.91,1.99955058049227
6.91,2.0013170123880277
6.91,2.0030887489494633
6.91,2.0048658444742173
6.91,2.0066483533934862
6.91,2.008436330276952
6.91,2.010229829837643
6.91,2.0120289069367203
6.91,2.013833616588206
6.91,2.0156440139636347
6.91,2.0174601543966473
6.91,2.019282093387516
6.91,2.0211098866076096
6.885,2.022943589903794
6.885,2.0247832593027755
6.885,2.0266289510153777
6.885,2.028480721440765
6.885,2.0303386271706048
6.885,2.032202724993171
6.885,2.034073071897391
6.885,2.0359497250768346
6.885,2.0378327419336486
6.885,2.0397221800824354
6.885,2.041618097354072
6.885,2.0435205517994794
6.885,2.0454296016933315
6.885,2.0473453055377147
6.885,2.0492677220657267
6.885,2.051196910245028
6.885,2.0531329292813316
6.885,2.055075838621842
6.86,2.0570256979586414
6.86,2.0589825672320154
6.86,2.060946506633731
6.86,2.0629175766102508
6.86,2.064895837865903
6.86,2.066881351365983
6.86,2.068874178339811
6.86,2.0708743802837226
6.86,2.0728820189640107
6.86,2.074897156419806
6.86,2.076919854965894
6.86,2.0789501771954866
6.86,2.0809881859829225
6.86,2.0830339444863113
6.86,2.0850875161501157
6.86,2.087148964707675
6.86,2.089218354183661
6.86,2.0912957488964703
6.86,2.093381213460561
6.86,2.0954748127887077
6.835,2.097576612094204
6.835,2.0996866768929854
6.835,2.1018050730056945
6.835,2.1039318665596625
6.835,2.1060671239908295
6.835,2.1082109120455845
6.835,2.1103632977825333
6.835,2.1125243485741882
6.835,2.11469413210858
6.835,2.1168727163907946
6.835,2.119060169744416
6.835,2.121256560812903
6.835,2.123461958560867
6.835,2.125676432275266
6.835,2.1279000515665154
6.835,2.1301328863695
6.835,2.132375006944498
6.835,2.1346264838780096
6.835,2.1368873880834824
6.835,2.139157790801948
6.835,2.141437763602542
6.81,2.1437273783829323
6.81,2.146026707369637
6.81,2.1483358231182264
6.81,2.15065479851342
6.81,2.152983706769069
6.81,2.155322621428013
6.81,2.1576716163618275
6.81,2.160030765770437
6.81,2.162400144181613
6.81,2.1647798264503306
6.81,2.167169887758004
6.81,2.1695704036115777
6.81,2.1719814498424865
6.81,2.17440310260546
6.81,2.176835438377201
6.81,2.179278533954898
6.81,2.1817324664545894
6.81,2.184197313309375
6.81,2.186673152267466
6.81,2.1891600613900692
6.81,2.1916581190490994
6.81,2.194167403924729
6.81,2.1966879950027574
6.785,2.199219971571795
6.785,2.2017634132202724
6.785,2.2043183998332543
6.785,2.206885011589063
6.785,2.2094633289557004
6.785,2.2120534326870778
6.785,2.2146554038190236
6.785,2.2172693236650973
6.785,2.2198952738121736
6.785,2.22253333611581
6.785,2.225183592695389
6.785,2.227846125929033
6.785,2.2305210184482718
6.785,2.233208353132483
6.785,2.2359082131030736
6.785,2.238620681717414
6.785,2.241345842562521
6.785,2.244083779448465
6.785,2.246834576401522
6.785,2.2495983176570347
6.785,2.252375087652018
6.785,2.2551649710174497
6.785,2.2579680525702965
6.785,2.260784417305221
6.785,2.2636141503859997
6.76,2.266457337136622
6.76,2.2693140630320787
6.76,2.272184413688824
6.76,2.275068474854916
6.76,2.2779663323998136
6.76,2.280878072303836
6.76,2.283803780647279
6.76,2.2867435435991696
6.76,2.2896974474056635
6.76,2.292665578378077
6.76,2.2956480228805436
6.76,2.29864486731729
6.76,2.301656198119516
6.76,2.304682101731905
6.76,2.3077226645987046
6.76,2.31077797314942
6.76,2.313848113784082
6.76,2.316933172858101
6.76,2.3200332366666903
6.76,2.3231483914288606
6.76,2.3262787232709545
6.76,2.329424318209763
6.76,2.3325852621351606
6.76,2.335761640792289
6.76,2.338953539763288
6.76,2.342161044448514
6.76,2.3453842400473297
6.76,2.348623211538348
6.735,2.351878043659238
6.735,2.3551488208859888
6.735,2.358435627411694
6.735,2.361738547124803
6.735,2.3650576635868727
6.735,2.368393060009784
6.735,2.371744819232436
6.735,2.3751130236968883
6.735,2.3784977554239877
6.735,2.3818990959884285
6.735,2.385317126493274
6.735,2.3887519275439106
6.735,2.3922035792214618
6.735,2.395672161055602
6.735,2.399157751996846
6.735,2.4026604303882326
6.735,2.4061802739364393
6.735,2.4097173596823307
6.735,2.413271763970903
6.735,2.416843562420658
6.735,2.420432829892389
6.735,2.4240396404573685
6.735,2.42766406736495
6.735,2.4313061830095757
6.735,2.4349660588971958
6.735,2.4386437656110864
6.735,2.4423393727770693
6.735,2.4460529490281573
6.735,2.4497845619685967
6.735,2.4535342781373086
6.735,2.457302162970756
6.71,2.461088280765224
6.71,2.4648926946385084
6.71,2.46871546649103
6.71,2.4725566569663813
6.71,2.4764163254112868
6.71,2.4802945298350165
6.71,2.4841913268682374
6.71,2.4881067717212986
6.71,2.4920409181420053
6.71,2.495993818372825
6.71,2.4999655231075923
6.71,2.5039560814476935
6.71,2.507965540857726
6.71,2.5119939471207218
6.71,2.51604134429281
6.71,2.5201077746574962
6.71,2.5241932786794283
6.71,2.5282978949577593
6.71,2.532421660179084
6.71,2.536564609069967
6.71,2.5407267743490767
6.71,2.5449081866789944
6.71,2.5491088746176316
6.71,2.5533288645693317
6.71,2.55756818073572
6.71,2.5618268450662063
6.71,2.566104877208263
6.71,2.5704022944574914
6.71,2.5747191117074637
6.71,2.579055341399418
6.71,2.5834109934717624
6.71,2.587786075309499
6.71,2.5921805916935794
6.71,2.5965945447501673
6.71,2.601027933899908
6.71,2.605480755807202
6.71,2.6099530043295593
6.71,2.6144446704670212
6.71,2.618955742311682
6.71,2.6234862049974357
6.685,2.628036040649909
6.685,2.6326052283366037
6.685,2.637193744017395
6.685,2.6418015604953133
6.685,2.6464286473677268
6.685,2.65107497097795
6.685,2.655740494367333
6.685,2.6604251772278382
6.685,2.665128975855203
6.685,2.669851843102774
6.685,2.6745937283359016
6.685,2.6793545773871474
6.685,2.6841343325122207
6.685,2.6889329323467823
6.685,2.69375031186405
6.685,2.698586402333432
6.685,2.703441131280086
6.685,2.7083144224455515
6.685,2.713206195749478
6.685,2.7181163672524953
6.685,2.7230448491203565
6.685,2.727991549589273
6.685,2.732956372932623
6.685,2.737939219429102
6.685,2.742939985332196
6.685,2.747958562841261
6.685,2.752994840074162
6.685,2.758048701041449
6.685,2.7631200256223307
6.685,2.768208689542257
6.685,2.7733145643524266
6.685,2.7784375174110125
6.685,2.7835774118664043
6.685,2.788734106642305
6.685,2.793907456424961
6.685,2.799097311652356
6.685,2.804303518505537
6.685,2.8095259189021644
6.685,2.814764350492259
6.685,2.8200186466561727
6.685,2.825288636504892
6.685,2.830574144882763
6.685,2.835874992372529
6.685,2.8411909953028536
6.685,2.846521965758333
6.685,2.8518677115919897
6.685,2.8572280364403704
6.685,2.8626027397412424
6.685,2.8679916167537804
6.685,2.8733944585816205
6.685,2.8788110521983494
6.685,2.884241180475885
6.685,2.889684622215467
6.685,2.8951411521813983
6.685,2.900610541137542
6.685,2.906092555886567
6.685,2.911586959312017
6.685,2.91709351042303
6.685,2.9226119644019906
6.685,2.928142072654797
6.685,2.9336835828639956
6.685,2.939236239044656
6.685,2.9447997816029643
6.685,2.950373947397546
6.685,2.9559584698035577
6.66,2.9615530787794087
6.66,2.9671575009361355
6.66,2.972771459609461
6.66,2.9783946749344103
6.66,2.984026863922532
6.66,2.9896677405415684
6.66,2.995317015797592
6.66,3.000974397819769
6.66,3.0066395919471587
6.66,3.0123123008180968
6.66,3.017992224461836
6.66,3.0236790603921264
6.66,3.029372503703183
6.66,3.03507224716771
6.66,3.0407779813367593
6.66,3.0464893946415614
6.66,3.0522061734972437
6.66,3.057928002408263
6.66,3.0636545640755553
6.66,3.069385539505196
6.66,3.075120608118601
6.66,3.080859447864002
6.66,3.0866017353295967
6.66,3.092347145857406
6.66,3.0980953536586635
6.66,3.103846031929842
6.66,3.109598852970173
6.66,3.115353488299043
6.66,3.121109608775171
6.66,3.126866884715649
6.66,3.132624986015417
6.66,3.1383835822674997
6.66,3.1390429642946693
