1.4181724647637852,3.43,3.44,3.52,3.56,3.68,3.7,3.71,3.74
1.4265419109081139,3.36,3.37,3.39,3.5,3.51,3.57,3.64,3.76,3.77,3.82,3.84,3.89,3.95,3.96
1.4348554344384705,3.32,3.92,3.93,4.0
1.4431165187012573,3.24,3.25,3.3,4.05
1.4513285804329157,3.22,4.07,4.08,4.09
1.4594949742855032,3.17,3.18,3.2,4.11
1.4676189972415818,3.16,4.13
1.4757038929252935,3.13,4.17,4.18,4.23
1.4837528558165671,2.94,2.95,3.11,4.24
1.4917690353754496,2.89,2.97,3.03,3.08,3.09,4.26
1.499755540083554,2.87,2.99,3.0,3.01,3.02,4.32
1.5077154414096439,2.85,4.34
1.5156517777063445,2.82,4.39
1.5235675580449726,2.79,4.4,4.41,4.42
1.5314657659954438,2.76,4.44
1.5393493633581972,2.73,4.46
1.5472212938550514,2.69,4.48
1.5550844867858782,2.65,4.5,4.51,4.52
1.562941860657963,2.62,4.55
1.5707963267948968,2.6,4.56
1.5786507929318303,2.59,4.59,4.61,4.62
1.5865081668039152,2.57,4.63
1.594371359734742,2.54,4.65
1.6022432902315962,2.5,4.68
1.6101268875943497,2.47,4.7
1.6180250955448208,2.46,4.71,4.76,4.78
1.6259408758834488,2.42,4.8
1.6338772121801495,2.41,4.84
1.6418371135062393,2.38,4.85
1.6498236182143438,2.36,4.86
1.6578397977732262,2.33,4.87
1.6658887606645,2.31,4.88
1.6739736563482113,2.29,4.89,4.9,4.93
1.68209767930429,2.25,4.95
1.6902640731568777,2.23,4.97,4.98,4.99
1.698476134888536,2.21,5.01
1.706737219151323,2.19,5.03
1.7150507426816795,2.16,5.05
1.7234201888260081,2.15,5.07
1.7318491121837325,2.13,5.11
1.7403411433744853,2.1,5.15
1.7488999939359033,2.07,5.17
1.7575294613582646,2.04,5.18,5.19,5.2
1.7662334342619106,2.03,5.21,5.22,5.23
1.7750158977230157,2.01,5.25
1.7838809387527976,1.99,5.27
1.7928327519346972,1.96,5.29,5.3,5.31
1.8018756452233433,1.94,5.34
1.811014045908293,1.92,5.35
1.820252506744515,1.89,5.37
1.8295957122503894,1.86,5.41
1.8390484851725692,1.84,5.42
1.848615793115374,1.83,5.47
1.8583027553303986,1.82,5.49
1.868114649659731,1.79,5.51
1.8780569196234618,1.77,5.53
1.8881351816390486,1.74,5.6
1.898355232356474,1.72,5.62
1.9087230560889374,1.71,5.64
1.9192448323140092,1.69,5.68
1.9299269432146182,1.67,5.7
1.9407759812228984,1.64,5.72
1.9517987565226549,1.62,5.76
1.963002304457929,1.59,5.78,5.79,5.8
1.9743938927857276,1.58,5.82
1.9859810287003123,1.56,5.86
1.9977714655443641,1.55,5.88,5.89,5.9
2.0097732091087424,1.52,5.92,5.93,5.94
2.021994523407251,1.49,5.96,5.97,5.98
2.0344439357957027,1.47,6.0
2.0471302412854535,1.46,6.02
2.06006250588032,1.45,6.03
2.0732500687422895,1.44,6.05
2.0867025429655097,1.42,6.07,6.08,6.09
2.1004298147096923,1.39,6.11
2.1144420404131714,1.37,6.15
2.1287496417724885,1.36,6.19
2.143363298139599,1.35,6.23
2.1582939359498194,1.33,6.27
2.173552714753815,1.31,6.31
2.1891510093857023,1.29,6.33,6.34,6.35
2.2051003877575077,1.27,6.37
2.2214125837286427,1.26,6.41
2.2380994644590513,1.24,6.43,6.44,6.45
2.25517299161785,1.22,6.47
2.272645175787611,1.2,6.51
2.290528023380451,1.19,6.53
2.308833475368758,1.17,6.57
2.327573337134268,1.16,6.59
2.3467591987584515,1.15,6.61
2.36640234511941,1.13,6.65
2.386513655231066,1.1,6.67,6.73,6.74
2.4071034903648636,1.08,6.74
2.4281815706385332,1.08,6.76
2.4497568399465686,1.07,6.78
2.471837319348561,1.05,6.81
2.4944299493291506,1.04,6.84
2.5175404217005757,1.03,6.85,6.86,6.89
2.5411730023368024,1.02,6.91
2.5653303464053514,1.0,6.93
2.5900133082937997,0.98,6.95
2.615220749002108,0.98,7.0
2.640949344373829,0.97,7.02
2.6671933981467384,0.96,7.04
2.6939446643880904,0.95,7.04
2.7211921844067257,0.95,7.11
2.748922143663317,0.94,7.11
2.7771177544871666,0.94,7.13
2.80575917050775,0.94,7.13
2.834823438578154,0.93,7.14
2.8642844935691674,0.93,7.18
2.8941132007202035,0.92,7.2
2.9242774492365498,0.92,7.2
2.9547422995301686,0.92,7.2
2.9854701849458056,0.91,7.2
3.016421167050534,0.91,7.22
3.0475532416723334,0.91,7.23
3.078822690948687,0.91,7.24
3.1101844748000573,0.91,7.25
