1.6578397977732262,3.74,3.75
1.6658887606645,3.46,3.48,3.5,3.55,3.67,3.79,3.98,3.99
1.6739736563482113,3.33,3.36,3.43,3.57,3.65,3.89,3.9,3.93,3.94,4.0
1.68209767930429,3.31,3.38,3.39,3.4,3.41,4.03,4.06,4.1
1.6902640731568777,3.23,3.28,3.29,4.17,4.26,4.27
1.698476134888536,3.22,4.21,4.22,4.3
1.706737219151323,3.1,3.12,3.19,4.33
1.7150507426816795,3.02,4.34
1.7234201888260081,2.96,4.4,4.41,4.42
1.7318491121837325,2.96,4.46,4.51,4.54
1.7403411433744853,2.9,2.91,2.92,4.47,4.48,4.59
1.7488999939359033,2.86,4.61
1.7575294613582646,2.8,2.82,2.83,4.62
1.7662334342619106,2.77,4.63,4.64,4.68
1.7750158977230157,2.59,2.65,2.72,4.7
1.7838809387527976,2.56,2.66,2.71,4.78
1.7928327519346972,2.5,2.68,2.69,4.79
1.8018756452233433,2.47,4.82
1.811014045908293,2.45,4.91
1.820252506744515,2.42,4.93
1.8295957122503894,2.37,4.94
1.8390484851725692,2.35,4.96,4.97,4.98
1.848615793115374,2.33,5.02
1.8583027553303986,2.3,5.07
1.868114649659731,2.25,5.11
1.8780569196234618,2.22,5.13,5.16,5.17
1.8881351816390486,2.19,5.19
1.898355232356474,2.16,5.21
1.9087230560889374,2.14,5.25
1.9192448323140092,2.11,5.3
1.9299269432146182,2.08,5.31
1.9407759812228984,2.04,5.38
1.9517987565226549,2.02,5.39,5.47,5.48
1.963002304457929,2.0,5.41,5.44,5.49
1.9743938927857276,1.99,5.52
1.9859810287003123,1.94,5.55
1.9977714655443641,1.92,5.6
2.0097732091087424,1.9,5.64
2.021994523407251,1.88,5.66
2.0344439357957027,1.83,5.67
2.0471302412854535,1.82,5.68
2.06006250588032,1.79,5.78
2.0732500687422895,1.76,5.8
2.0867025429655097,1.75,5.81
2.1004298147096923,1.7,5.87
2.1144420404131714,1.68,5.89
2.1287496417724885,1.66,5.9,5.91,5.95
2.143363298139599,1.64,5.97
2.1582939359498194,1.62,6.01
2.173552714753815,1.59,6.04,6.05,6.06
2.1891510093857023,1.56,6.09
2.2051003877575077,1.53,6.11
2.2214125837286427,1.52,6.14,6.16,6.18
2.2380994644590513,1.51,6.21
2.25517299161785,1.49,6.25
2.272645175787611,1.46,6.26
2.290528023380451,1.45,6.3
2.308833475368758,1.43,6.35
2.327573337134268,1.41,6.36
2.3467591987584515,1.4,6.42
2.36640234511941,1.38,6.44
2.386513655231066,1.34,6.48
2.4071034903648636,1.32,6.51,6.52,6.53
2.4281815706385332,1.31,6.57
2.4497568399465686,1.29,6.61
2.471837319348561,1.28,6.65
2.4944299493291506,1.25,1.26,1.27,6.66,6.68,6.69
2.5175404217005757,1.21,6.69
2.5411730023368024,1.21,6.73
2.5653303464053514,1.2,6.76
2.5900133082937997,1.19,6.77
2.615220749002108,1.18,6.8
2.640949344373829,1.17,6.8
2.6671933981467384,1.17,6.84
2.6939446643880904,1.14,1.15,1.16,6.88
2.7211921844067257,1.13,6.92
2.748922143663317,1.11,6.92,6.95,6.96
2.7771177544871666,1.11,6.96
2.80575917050775,1.1,6.99
2.834823438578154,1.09,6.99
2.8642844935691674,1.08,7.0
2.8941132007202035,1.08,7.0
2.9242774492365498,1.08,7.03
2.9547422995301686,1.08,7.03
2.9854701849458056,1.07,7.03,7.06,7.07
3.016421167050534,1.07,7.07
3.0475532416723334,1.07,7.07
3.078822690948687,1.07,7.07
3.1101844748000573,1.07,7.07
