0.2805766057026975
0.5239392677758866
0.7161920199926056
0.8624638420277821
0.9735777022192758
1.0592752965983525
1.1267677982160316
1.1810858068531662
1.2257020008107276
1.2630350271187476
1.2947973982274263
1.3222248268102654
1.3462262116317345
1.367482483764358
1.3865126845714435
1.403718887156986
1.4194172735268027
1.4338600081287052
1.4472508914077336
1.4597567410962649
1.4715157932393117
1.4826439938656946
1.4932397776966124
1.5033877486230194
1.513161554735968
1.5226261677319626
1.531839719397812
1.540855008163852
1.5497207609093187
1.5584827157004568
1.5671845775539206
1.5758688900677125
1.5845778598228397
1.5933541671951104
1.6022417962870303
1.611286917998705
1.6205388639391995
1.630051235322029
1.6398832008837678
1.6501010523189297
1.6607801064293977
1.6720070727007939
1.6838830472115913
1.6965273545521107
1.7100825478662647
1.7247210074027073
1.7406537724827493
1.7581425364762673
1.7775161875472665
1.7991939853705055
1.8237185841956254
1.8518039075695882
1.8844057756131223
1.9228278367410128
1.9688826118407512
2.025137769117105
2.0952881895364515
2.184686767729948
2.3009661136072426
2.4542413791180224
2.6550611744763732
2.9063684596228554
