1.6720070727007939,3.54,3.56,3.71,3.73,3.77,3.79,3.8,3.81,3.86,3.88,3.98,4.0,4.05,4.06,4.12,4.15
1.6838830472115913,3.1,3.12,3.16,3.17,3.2,3.21,3.23,3.24,3.26,3.28,3.29,4.46,4.47,4.5,4.54,4.6
1.6965273545521107,2.82,2.83,2.9,2.91,2.94,4.71,4.72,4.78,4.81,4.82,4.87,4.88
1.7100825478662647,2.65,5.08,5.14,5.15
1.7247210074027073,2.42,2.43,2.47,2.48,2.51,2.53,2.54,2.56,2.57,5.25,5.26,5.29,5.3,5.32,5.33,5.34,5.36,5.37
1.7406537724827493,2.24,2.35,2.39,5.47,5.48,5.52
1.7581425364762673,2.15,2.17,2.23,5.71,5.74,5.76
1.7775161875472665,1.98,1.99,2.04,2.07,2.09,5.94,5.97,5.98
1.7991939853705055,1.86,1.88,1.9,1.91,1.93,6.12,6.13,6.16,6.19,6.2
1.8237185841956254,1.81,6.3,6.31,6.35,6.4,6.41
1.8518039075695882,1.61,1.62,1.66,6.57,6.64,6.67
1.8844057756131223,1.55,1.57,1.58,6.8
1.9228278367410128,1.34,1.35,1.38,1.39,1.42,1.44,1.45,7.05
1.9688826118407512,1.23,1.24,1.28,1.31,1.33,1.36,1.37,7.24,7.35,7.38
2.025137769117105,1.05,1.06,1.15,1.18,1.21,1.25,1.26,7.54
2.0952881895364515,1.02,1.07,1.12,7.77,7.85,7.87
2.184686767729948,1.07,1.08,7.98,8.01,8.06,8.15,8.16
2.3009661136072426,8.26,8.31,8.33
2.4542413791180224,8.51,8.58,8.59
2.6550611744763732,8.68,8.73,8.75
2.9063684596228554,8.76,8.79,8.83
