1.5226261677319626,3.36,3.37,3.43,3.44,3.56,3.57,3.69,3.7,3.73,3.75
1.531839719397812,3.25,3.27,3.33,3.38,3.39,4.01,4.02,4.05,4.06,4.08
1.540855008163852,3.17,3.19,3.2,4.17,4.18,4.2,4.22,4.25
1.5497207609093187,2.92,2.93,3.0,3.01,3.04,4.35,4.39,4.4
1.5584827157004568,2.91,2.94,2.96,4.44,4.45,4.47
1.5671845775539206,2.8,2.81,2.83,4.57
1.5758688900677125,2.66,2.7,2.72,4.63,4.64,4.66
1.5845778598228397,2.51,2.52,2.55,2.56,2.58,2.6,2.61,4.73,4.78,4.8
1.5933541671951104,2.44,2.45,2.5,4.88
1.6022417962870303,2.33,2.34,2.39,2.46,2.47,4.91,4.94,4.97
1.611286917998705,2.32,5.04,5.06,5.07
1.6205388639391995,2.21,2.22,2.25,5.12,5.13,5.16
1.630051235322029,2.13,2.15,2.17,5.22,5.23,5.25,5.26,5.27
1.6398832008837678,2.04,2.05,2.08,2.1,2.11,5.33,5.34,5.36
1.6501010523189297,1.99,5.44
1.6607801064293977,1.86,1.88,1.93,5.54
1.6720070727007939,1.8,1.81,1.83,5.67
1.6838830472115913,1.73,1.74,1.76,5.78
1.6965273545521107,1.65,1.67,1.69,1.71,1.72,5.9
1.7100825478662647,1.52,1.53,1.58,1.61,1.63,6.05
1.7247210074027073,1.5,1.54,1.56,6.13
1.7406537724827493,1.47,6.29
1.7581425364762673,1.42,6.44
1.7775161875472665,1.37,6.59
1.7991939853705055,1.19,6.72,6.73,6.77
1.8237185841956254,1.1,1.11,1.18,6.89,6.9,6.93
1.8518039075695882,1.03,1.04,1.09,7.08,7.1,7.12
1.8844057756131223,1.02,7.25,7.26,7.29
1.9228278367410128,7.44,7.45,7.47,7.5,7.51
1.9688826118407512,7.67,7.68,7.7
2.025137769117105,7.88,7.89,7.91,7.92,7.94
2.0952881895364515,8.07,8.08,8.1,8.11,8.12,8.14,8.15
2.184686767729948,8.34,8.35,8.37,8.38,8.39
2.3009661136072426,8.52,8.53,8.56,8.57,8.59,8.6,8.61
2.4542413791180224,8.75,8.76,8.77,8.8,8.81
2.6550611744763732,8.92,8.93,8.96,8.97,8.98,9.01,9.02
2.9063684596228554,9.03,9.04,9.05,9.08,9.09
