1.403718887156986,3.62,3.68,3.71,3.74,3.78,3.79,3.81,3.82
1.4194172735268027,3.37,3.45,3.47,3.49,3.5,3.86,3.89,4.01,4.03,4.04,4.09,4.11
1.4338600081287052,3.29,3.31,3.32,3.35,3.36,4.06,4.08,4.12
1.4472508914077336,3.16,3.17,3.2,3.22,3.23,4.18,4.19,4.21
1.4597567410962649,3.06,4.27
1.4715157932393117,2.99,3.0,3.01,4.34
1.4826439938656946,2.93,4.38
1.4932397776966124,2.77,2.78,2.82,2.84,2.85,2.87,2.88,4.48
1.5033877486230194,2.74,2.79,2.8,4.52,4.53,4.54
1.513161554735968,2.66,4.59,4.61,4.63
1.5226261677319626,2.61,2.62,2.65,4.65
1.531839719397812,2.56,2.59,2.6,4.72
1.540855008163852,2.45,2.47,2.5,4.78,4.79,4.81
1.5497207609093187,2.41,4.85,4.88,4.89
1.5584827157004568,2.31,2.32,2.34,4.91,4.92,4.94
1.5671845775539206,2.24,2.25,2.3,4.97,5.0,5.01
1.5758688900677125,2.19,2.2,2.23,5.04,5.06,5.08
1.5845778598228397,2.11,2.13,2.17,5.12
1.5933541671951104,2.08,5.16,5.17,5.21
1.6022417962870303,2.03,5.25
1.611286917998705,1.95,5.35
1.6205388639391995,1.87,1.89,1.94,5.4,5.45,5.46
1.630051235322029,1.82,1.84,1.86,5.5
1.6398832008837678,1.73,1.74,1.76,1.8,1.81,5.55,5.56,5.6
1.6501010523189297,1.7,1.71,1.72,5.65,5.66,5.69
1.6607801064293977,1.64,1.65,1.66,5.74,5.75,5.78
1.6720070727007939,1.57,1.59,1.6,5.86,5.9,5.91
1.6838830472115913,1.48,1.49,1.52,1.54,1.55,5.94,5.97,5.98
1.6965273545521107,1.45,6.05,6.08,6.09
1.7100825478662647,1.41,6.19
1.7247210074027073,1.36,6.31
1.7406537724827493,1.23,6.43,6.44,6.46,6.47,6.49
1.7581425364762673,1.16,1.18,1.23,6.56,6.57,6.59,6.6,6.62
1.7775161875472665,1.11,1.14,1.16,6.71,6.72,6.74
1.7991939853705055,1.03,1.05,1.08,6.88
1.8237185841956254,1.02,1.03,7.03
1.8518039075695882,7.24
1.8844057756131223,7.37
1.9228278367410128,7.57
1.9688826118407512,7.78
2.025137769117105,7.99,8.02,8.03
2.0952881895364515,8.19,8.21,8.22
2.184686767729948,8.42,8.44,8.45
2.3009661136072426,8.62,8.63,8.65
2.4542413791180224,8.82,8.83,8.85,8.86,8.88,8.89,8.9
2.6550611744763732,9.0,9.01,9.03,9.04,9.05
2.9063684596228554,9.09,9.1,9.12
