0.2805766057026975,3.8
0.5239392677758866,4.2
0.7161920199926056,4.8
0.8624638420277821,5.51
0.9735777022192758,6.3
1.0592752965983525,7.14
1.1267677982160316,8.0
1.1810858068531662,8.88
1.2257020008107276,9.75
1.2630350271187476,10.62
1.2947973982274263,11.47
1.3222248268102654,12.31
1.3462262116317345,13.13
1.367482483764358,13.92
1.3865126845714435,14.69
1.403718887156986,15.43
1.4194172735268027,16.14
1.4338600081287052,16.81
1.4472508914077336,17.45
1.4597567410962649,18.06
1.4715157932393117,18.62
1.4826439938656946,19.15
1.4932397776966124,19.63
1.5033877486230194,20.08
1.513161554735968,20.48
1.5226261677319626,20.83
1.531839719397812,21.15
1.540855008163852,21.42
1.5497207609093187,21.64
1.5584827157004568,21.82
1.5671845775539206,21.95
1.5758688900677125,22.04
1.5845778598228397
1.5933541671951104,22.08
1.6022417962870303,22.05
1.611286917998705,21.93
1.6205388639391995,21.81
1.630051235322029,21.59
1.6398832008837678,21.37
1.6501010523189297,21.15
1.6607801064293977,20.89,20.92,20.93
1.6720070727007939,20.53
1.6838830472115913,20.14
1.6965273545521107,19.75
1.7100825478662647,19.39
1.7247210074027073,19.03
1.7406537724827493,18.54
1.7581425364762673,18.07
1.7775161875472665,17.48,17.56,17.61
1.7991939853705055,17.06
1.8237185841956254,16.54,16.65,16.66
1.8518039075695882,16.06
1.8844057756131223,15.49,15.57,15.59
1.9228278367410128,14.97,15.02,15.06
1.9688826118407512,14.49,14.54,14.57
2.025137769117105,14.04,14.1,14.11
2.0952881895364515,13.54,13.57,13.61,13.68,13.69
2.184686767729948,13.08,13.09,13.15,13.2,13.22
2.3009661136072426,12.72,12.75,12.78,12.84,12.85
2.4542413791180224,12.38,12.41,12.44
2.6550611744763732,12.13,12.16,12.18
2.9063684596228554,11.95,11.97,12.01,12.05,12.06
