0.2805766057026975,3.81,3.82
0.5239392677758866,3.75,3.76,3.77,3.79,3.8,3.83,3.85,3.87
0.7161920199926056,3.61,3.62,3.64,3.65,3.71,3.74,3.75,3.88,3.89,3.9,3.94,3.95,3.98,4.01
0.8624638420277821,3.55,3.57,3.58,3.96,3.97,4.02
0.9735777022192758,3.46,3.47,3.52,4.02,4.03,4.06
1.0592752965983525,3.32,3.33,3.36,3.38,3.41,4.1,4.11,4.13
1.1267677982160316,3.3,3.34,3.35,4.16
1.1810858068531662,3.21,3.22,3.26,4.21
1.2257020008107276,3.16,3.17,3.2,4.24,4.25,4.27
1.2630350271187476,3.15,4.32
1.2947973982274263,3.02,3.03,3.07,3.09,3.1,4.33,4.37,4.38
1.3222248268102654,2.99,3.04,3.05,4.35,4.36,4.42
1.3462262116317345,2.96,4.43
1.367482483764358,2.86,2.87,2.9,2.92,2.95,4.44,4.46,4.48
1.3865126845714435,2.85,2.88,2.89,4.49,4.5,4.51
1.403718887156986,2.8,2.82,2.83,4.52,4.53,4.54
1.4194172735268027,2.74,4.59
1.4338600081287052,2.69,4.62
1.4472508914077336,2.62,2.64,2.65,2.67,2.68,4.66
1.4597567410962649,2.55,2.58,2.6,4.7
1.4715157932393117,2.53,4.74
1.4826439938656946,2.48,4.77
1.4932397776966124,2.42,4.82,4.83,4.84
1.5033877486230194,2.35,2.37,2.41,4.87
1.513161554735968,2.31,2.32,2.34,4.93
1.5226261677319626,2.26,2.29,2.3,4.96
1.531839719397812,2.21,2.22,2.23,5.01
1.540855008163852,2.13,2.14,2.17,5.04
1.5497207609093187,2.1,5.11
1.5584827157004568,2.06,5.16
1.5671845775539206,1.98,5.2
1.5758688900677125,1.98,5.25
1.5845778598228397,1.88,1.9,1.93,5.31,5.32,5.34
1.5933541671951104,1.79,1.8,1.82,1.84,1.85,5.38
1.6022417962870303,1.79,5.44
1.611286917998705,1.75,5.51
1.6205388639391995,1.67,1.69,1.7,5.56,5.57,5.6
1.630051235322029,1.57,1.58,1.62,1.64,1.66,5.65
1.6398832008837678,1.56,1.59,1.6,5.75
1.6501010523189297,1.49,1.52,1.54,5.79,5.82,5.84
1.6607801064293977,1.41,1.42,1.47,5.92
1.6720070727007939,1.39,1.43,1.45,6.0
1.6838830472115913,1.36,6.09
1.6965273545521107,1.33,6.21
1.7100825478662647,1.29,6.29
1.7247210074027073,1.25,6.41,6.46,6.47
1.7406537724827493,1.2,6.52,6.53,6.56
1.7581425364762673,1.14,6.64,6.65,6.68
1.7775161875472665,6.78,6.79,6.81,6.84,6.85
1.7991939853705055,6.94,6.96,6.97
1.8237185841956254,7.1,7.11,7.13
1.8518039075695882,7.25,7.28,7.3
1.8844057756131223,7.43,7.46,7.48
1.9228278367410128,7.62
1.9688826118407512,7.84
2.025137769117105,8.04
2.0952881895364515,8.23,8.26,8.28
2.184686767729948,8.46,8.47,8.49
2.3009661136072426,8.67,8.69,8.7
2.4542413791180224,8.88
2.6550611744763732,9.0,9.01,9.03,9.04,9.06,9.07,9.08,9.1,9.11
2.9063684596228554,9.15
