0.2805766057026975,3.8
0.5239392677758866,4.2
0.7161920199926056,4.8
0.8624638420277821,5.51
0.9735777022192758,6.3
1.0592752965983525,7.14
1.1267677982160316,8.0
1.1810858068531662,8.88
1.2257020008107276,9.75
1.2630350271187476,10.62
1.2947973982274263,11.47
1.3222248268102654,12.31
1.3462262116317345,13.13
1.367482483764358,13.92
1.3865126845714435,14.69
1.403718887156986
1.4194172735268027
1.4338600081287052
1.4472508914077336
1.4597567410962649
1.4715157932393117
1.4826439938656946
1.4932397776966124
1.5033877486230194
1.513161554735968
1.5226261677319626
1.531839719397812
1.540855008163852
1.5497207609093187
1.5584827157004568
1.5671845775539206
1.5758688900677125
1.5845778598228397
1.5933541671951104
1.6022417962870303
1.611286917998705
1.6205388639391995
1.630051235322029
1.6398832008837678
1.6501010523189297
1.6607801064293977
1.6720070727007939
1.6838830472115913
1.6965273545521107
1.7100825478662647
1.7247210074027073
1.7406537724827493
1.7581425364762673
1.7775161875472665
1.7991939853705055
1.8237185841956254
1.8518039075695882
1.8844057756131223
1.9228278367410128,15.0
1.9688826118407512,14.53,14.6,14.61
2.025137769117105,14.01,14.05,14.08,14.16,14.17
2.0952881895364515,13.53,13.56,13.61,13.67,13.68
2.184686767729948,13.09,13.11,13.16,13.21,13.22
2.3009661136072426,12.68,12.69,12.75,12.79,12.81
2.4542413791180224,12.37,12.38,12.43,12.47,12.48
2.6550611744763732,12.12,12.15,12.17,12.22,12.23
2.9063684596228554,11.95,11.97,12.01,12.05,12.06
