0.2805766057026975,3.33,4.28
0.5239392677758866,3.37,3.39,3.4,4.27
0.7161920199926056,3.41,3.43,3.44,4.26
0.8624638420277821,3.44,4.23
0.9735777022192758,3.45,3.5,3.51,4.21
1.0592752965983525,3.48,3.49,3.52,4.2
1.1267677982160316,3.57,4.19
1.1810858068531662,3.59,3.6,3.64,4.1,4.14,4.15
1.2257020008107276,3.66,3.67,3.69,4.09
1.2630350271187476,3.7,3.71,3.73,3.74,3.76,3.96,3.98,4.01,4.05,4.08
1.2947973982274263,3.81,3.83,3.86,3.89,3.9,3.91,3.93,3.94
1.3222248268102654,3.86,3.88
1.3462262116317345
1.367482483764358
1.3865126845714435
1.403718887156986
1.4194172735268027
1.4338600081287052
1.4472508914077336
1.4597567410962649
1.4715157932393117
1.4826439938656946
1.4932397776966124
1.5033877486230194
1.513161554735968
1.5226261677319626
1.531839719397812
1.540855008163852
1.5497207609093187
1.5584827157004568
1.5671845775539206
1.5758688900677125
1.5845778598228397
1.5933541671951104
1.6022417962870303
1.611286917998705
1.6205388639391995
1.630051235322029
1.6398832008837678
1.6501010523189297
1.6607801064293977
1.6720070727007939
1.6838830472115913
1.6965273545521107
1.7100825478662647
1.7247210074027073
1.7406537724827493
1.7581425364762673
1.7775161875472665
1.7991939853705055
1.8237185841956254
1.8518039075695882
1.8844057756131223
1.9228278367410128
1.9688826118407512
2.025137769117105
2.0952881895364515
2.184686767729948
2.3009661136072426
2.4542413791180224
2.6550611744763732
2.9063684596228554
