0.2805766057026975,3.04,4.47
0.5239392677758866,3.01,3.02,3.04,4.47
0.7161920199926056,2.98,3.0,3.01,4.48
0.8624638420277821,2.98,4.51
0.9735777022192758,2.93,2.95,2.96,4.52,4.54,4.55
1.0592752965983525,2.91,4.55
1.1267677982160316,2.89,4.57
1.1810858068531662,2.78,2.79,2.85,4.58
1.2257020008107276,2.77,4.59,4.6,4.62
1.2630350271187476,2.73,2.75,2.77,4.63
1.2947973982274263,2.7,2.71,2.72,4.65,4.66,4.68
1.3222248268102654,2.67,2.68,2.69,4.69
1.3462262116317345,2.63,2.65,2.66,4.7
1.367482483764358,2.58,2.6,2.61,4.74
1.3865126845714435,2.55,4.76
1.403718887156986,2.48,4.79
1.4194172735268027,2.48,4.8
1.4338600081287052,2.37,2.38,2.4,2.42,2.45,4.85
1.4472508914077336,2.37,4.87
1.4597567410962649,2.33,2.35,2.36,4.91
1.4715157932393117,2.29,2.31,2.32,4.94
1.4826439938656946,2.24,2.26,2.27,4.98
1.4932397776966124,2.17,2.2,2.22,5.01
1.5033877486230194,2.15,5.05
1.513161554735968,2.05,2.07,2.13,5.07
1.5226261677319626,2.01,2.08,2.1,5.13
1.531839719397812,1.96,5.18
1.540855008163852,1.95,5.19
1.5497207609093187,1.95,5.25
1.5584827157004568,1.83,1.86,1.91,5.27
1.5671845775539206,1.82,5.33
1.5758688900677125,1.76,1.79,1.82,5.41
1.5845778598228397,1.7,1.71,1.75,5.44,5.46,5.47
1.5933541671951104,1.65,1.66,1.69,5.49,5.5,5.52
1.6022417962870303,1.6,1.61,1.64,5.56
1.611286917998705,1.56,1.57,1.59,5.62
1.6205388639391995,1.52,1.53,1.55,5.71
1.630051235322029,1.49,1.5,1.51,5.75
1.6398832008837678,1.44,1.47,1.48,5.84
1.6501010523189297,1.37,1.39,1.41,5.91,5.92,5.93
1.6607801064293977,1.32,1.33,1.34,1.36,1.37,6.0
1.6720070727007939,1.23,1.24,1.26,1.27,1.29,1.3,1.31,6.07,6.08,6.1
1.6838830472115913,1.22,1.24,1.25,6.15,6.17,6.19
1.6965273545521107,1.15,1.16,1.18,1.19,1.21,6.27
1.7100825478662647,1.14,1.16,1.17,6.37
1.7247210074027073,1.09,1.11,1.12,6.48
1.7406537724827493,1.04,1.06,1.08,6.58,6.64,6.65
1.7581425364762673,1.03,6.71,6.74,6.77
1.7775161875472665,6.86,6.88,6.9
1.7991939853705055,6.98,6.99,7.01
1.8237185841956254,7.15,7.17,7.18,7.19,7.21
1.8518039075695882,7.29,7.3,7.32,7.34,7.35
1.8844057756131223,7.47,7.48,7.5,7.54,7.55
1.9228278367410128,7.68
1.9688826118407512,7.87
2.025137769117105,8.07
2.0952881895364515,8.27
2.184686767729948,8.46,8.47,8.51
2.3009661136072426,8.68,8.7,8.72,8.75,8.76
2.4542413791180224,8.89,8.9,8.92
2.6550611744763732,9.06,9.08,9.09,9.11,9.12,9.14,9.15
2.9063684596228554,9.17,9.19,9.2
