0.2805766057026975,2.38,2.39,2.42,5.04
0.5239392677758866,2.37,2.39,2.41,5.04
0.7161920199926056,2.37,2.39,2.4,5.05
0.8624638420277821,2.31,2.32,2.35,5.06
0.9735777022192758,2.3,2.32,2.34,5.07
1.0592752965983525,2.29,2.32,2.33,5.07
1.1267677982160316,2.28,5.08
1.1810858068531662,2.21,2.23,2.26,5.1
1.2257020008107276,2.2,2.23,2.24,5.11
1.2630350271187476,2.18,5.12
1.2947973982274263,2.17,5.14
1.3222248268102654,2.1,2.12,2.15,5.15
1.3462262116317345,2.08,2.12,2.13,5.17
1.367482483764358,2.06,5.18
1.3865126845714435,2.04,5.2
1.403718887156986,1.97,1.99,2.02,5.22
1.4194172735268027,1.95,1.99,2.0,5.23
1.4338600081287052,1.93,5.24,5.25,5.27
1.4472508914077336,1.9,5.28
1.4597567410962649,1.88,5.29
1.4715157932393117,1.78,1.8,1.86,5.31,5.32,5.33
1.4826439938656946,1.76,1.8,1.83,5.34
1.4932397776966124,1.74,5.37
1.5033877486230194,1.71,5.39
1.513161554735968,1.68,5.41
1.5226261677319626,1.66,5.44
1.531839719397812,1.63,5.48
1.540855008163852,1.6,5.52
1.5497207609093187,1.57,5.56
1.5584827157004568,1.53,5.57
1.5671845775539206,1.5,5.61,5.62,5.64
1.5758688900677125,1.46,5.66,5.67,5.69
1.5845778598228397,1.43,5.7
1.5933541671951104,1.39,5.77
1.6022417962870303,1.35,5.81
1.611286917998705,1.31,5.88
1.6205388639391995,1.27,5.93
1.630051235322029,1.22,5.99
1.6398832008837678,1.17,6.04
1.6501010523189297,1.1,6.12
1.6607801064293977,1.1,6.17,6.18,6.2
1.6720070727007939,1.1,6.26
1.6838830472115913,1.1,6.35
1.6965273545521107,1.07,6.45
1.7100825478662647,1.02,6.52,6.53,6.54
1.7247210074027073,6.66
1.7406537724827493,6.75,6.8,6.81
1.7581425364762673,6.9
1.7775161875472665,6.99
1.7991939853705055,7.12,7.15,7.18
1.8237185841956254,7.25,7.26,7.3
1.8518039075695882,7.44,7.51,7.52
1.8844057756131223,7.58,7.59,7.62,7.64,7.65
1.9228278367410128,7.79
1.9688826118407512,7.95,7.98,8.0
2.025137769117105,8.16
2.0952881895364515,8.39
2.184686767729948,8.64
2.3009661136072426,8.79
2.4542413791180224,8.95,8.96,8.99,9.03,9.04
2.6550611744763732,9.14,9.17,9.18
2.9063684596228554,9.25,9.27,9.29
