b,alpha
5.428718527284763,0.001999997999892958
5.428718527284763,0.003999990907733255
5.428718527284763,0.005999980539082349
5.428718527284763,0.007999968709768794
5.428718527284763,0.009999957236526108
5.428718527284763,0.011999947936648115
5.428718527284763,0.01399994262885762
5.428718527284763,0.015999943132938992
5.428718527284763,0.017999951270514722
5.428718527284763,0.01999996886507716
5.428718527284763,0.021999997742309627
5.428718527284763,0.02400003973028755
5.428718527284763,0.02600009665982072
5.428718527284763,0.028000170364691622
5.428718527284763,0.03000026268190508
5.428718527284763,0.03200037545196153
5.428718527284763,0.034000510519163925
5.428718527284763,0.036000669731769394
5.428718527284763,0.03800085494242562
5.428718527284763,0.04000106800825943
5.428718527284763,0.04200131079129398
5.428718527284763,0.04400158515859541
5.428718527284763,0.046001892982632075
5.428718527284763,0.04800223614147897
5.428718527284763,0.050002616519139564
5.428718527284763,0.0520030360057441
5.428718527284763,0.05400349649790537
5.428718527284763,0.05600399989891291
5.428718527284763,0.05800454811904406
5.428718527284763,0.06000514307581665
5.428718527284763,0.06200578669427872
5.428718527284763,0.06400648090726505
5.428718527284763,0.06600722765566597
5.428718527284763,0.06800802888871603
5.428718527284763,0.0700088865642413
5.428718527284763,0.07200980264896288
5.428718527284763,0.07401077911877117
5.428718527284763,0.07601181795897016
5.428718527284763,0.07801292116456864
5.428718527284763,0.08001409074057945
5.428718527284763,0.08201532870225793
5.428718527284763,0.08401663707542549
5.428718527284763,0.08601801789668563
5.428718527284763,0.0880194732137811
5.428718527284763,0.09002100508580925
5.428718527284763,0.09202261558354008
5.428718527284763,0.09402430678968388
5.428718527284763,0.09602608079917677
5.428718527284763,0.09802793971947191
5.428718527284763,0.10002988567081396
5.428718527284763,0.10203192078653567
5.428718527284763,0.10403404721334106
5.428718527284763,0.1060362671115911
5.428718527284763,0.10803858265558404
5.428718527284763,0.11004099603387582
5.428718527284763,0.1120435094495363
5.428718527284763,0.114046125120468
5.428718527284763,0.11604884527968051
5.428718527284763,0.11805167217559921
5.428718527284763,0.12005460807236056
5.428718527284763,0.12205765525009693
5.428718527284763,0.12406081600524595
5.428718527284763,0.12606409265085608
5.428718527284763,0.12806748751687
5.428718527284763,0.13007100295044272
5.428718527284763,0.13207464131623878
5.428718527284763,0.13407840499674042
5.428718527284763,0.13608229639254954
5.428718527284763,0.13808631792270076
5.428718527284763,0.1400904720249721
5.428718527284763,0.14209476115618702
5.428718527284763,0.14409918779254752
5.428718527284763,0.14610375442992146
5.428718527284763,0.14810846358417248
5.428718527284763,0.1501133177914903
5.428718527284763,0.15211831960868746
5.428718527284763,0.15412347161353146
5.428718527284763,0.15612877640506803
5.428718527284763,0.15813423660393805
5.428718527284763,0.16013985485272034
5.428718527284763,0.16214563381624228
5.428718527284763,0.16415157618191975
5.428718527284763,0.16615768466008654
5.428718527284763,0.1681639619843267
5.428718527284763,0.17017041091181767
5.428718527284763,0.17217703422364997
5.428718527284763,0.1741838347251982
5.428718527284763,0.17619081524643238
5.428718527284763,0.17819797864228046
5.428718527284763,0.18020532779296872
5.428718527284763,0.18221286560436803
5.428718527284763,0.1842205950083571
5.428718527284763,0.1862285189631592
5.428718527284763,0.1882366404537061
5.428718527284763,0.19024496249199654
5.428718527284763,0.19225348811746057
5.428718527284763,0.19426222039730826
5.428718527284763,0.19627116242691192
5.428718527284763,0.19828031733016319
5.428718527284763,0.20028968825984658
5.428718527284763,0.20229927839801382
5.428718527284763,0.2043090909563593
5.428718527284763,0.2063191291766005
5.428718527284763,0.20832939633085115
5.428718527284763,0.2103398957220189
5.428718527284763,0.21235063068418095
5.428718527284763,0.21436160458297673
5.428718527284763,0.21637282081600814
5.428718527284763,0.21838428281322386
5.428718527284763,0.22039599403733068
5.428718527284763,0.2224079579841836
5.428718527284763,0.22442017818320573
5.428718527284763,0.22643265819778244
5.428718527284763,0.22844540162568097
5.428718527284763,0.23045841209946313
5.428718527284763,0.23247169328691503
5.428718527284763,0.23448524889144576
5.428718527284763,0.23649908265254196
5.428718527284763,0.2385131983461743
5.428718527284763,0.24052759978523847
5.428718527284763,0.24254229082000206
5.428718527284763,0.24455727533852215
5.428718527284763,0.2465725572671187
5.428718527284763,0.2485881405707927
5.428718527284763,0.25060402925370606
5.428718527284763,0.2526202273596196
5.428718527284763,0.2546367389723579
5.428718527284763,0.25665356821628155
5.428718527284763,0.25867071925674145
5.428718527284763,0.2606881963005684
5.428718527284763,0.26270600359654017
5.428718527284763,0.26472414543586675
5.428718527284763,0.2667426261526753
5.428718527284763,0.26876145012450414
5.428718527284763,0.2707806217727967
5.428718527284763,0.27280014556340687
5.428718527284763,0.2748200260070947
5.428718527284763,0.27684026766005143
5.428718527284763,0.2788608751243961
5.428718527284763,0.2808818530487197
5.428718527284763,0.28290320612858944
5.428718527284763,0.2849249391070926
5.428718527284763,0.2869470567753685
5.428718527284763,0.2889695639731545
5.428718527284763,0.2909924655893301
5.428718527284763,0.2930157665624712
5.428718527284763,0.2950394718814088
5.428718527284763,0.29706358658579396
5.428718527284763,0.2990881157666715
5.428718527284763,0.3011130645670536
5.428718527284763,0.30313843818250596
5.428718527284763,0.3051642418617311
5.428718527284763,0.3071904809071744
5.428718527284763,0.30921716067561555
5.428718527284763,0.31124428657878533
5.428718527284763,0.313271864083978
5.428718527284763,0.3152998987146726
5.428718527284763,0.3173283960511671
5.428718527284763,0.3193573617312058
5.428718527284763,0.32138680145063436
5.428718527284763,0.32341672096404356
5.428718527284763,0.325447126085427
5.428718527284763,0.32747802268885123
5.428718527284763,0.32950941670912764
5.428718527284763,0.33154131414249155
5.428718527284763,0.33357372104729777
5.428718527284763,0.3356066435447083
5.428718527284763,0.337640087819411
5.428718527284763,0.3396740601203209
5.428718527284763,0.34170856676131284
5.428718527284763,0.343743614121944
5.428718527284763,0.345779208648206
5.428718527284763,0.34781535685326026
5.428718527284763,0.3498520653182103
5.428718527284763,0.35188934069285593
5.428718527284763,0.35392718969647996
5.428718527284763,0.35596561911863384
5.428718527284763,0.35800463581992925
5.428718527284763,0.36004424673285274
5.428718527284763,0.36208445886257346
5.428718527284763,0.364125279287779
5.428718527284763,0.36616671516150734
5.428718527284763,0.36820877371199773
5.428718527284763,0.3702514622435487
5.428718527284763,0.37229478813739386
5.443504790388732,0.3743387588525722
5.443504790388732,0.37638338192683624
5.443504790388732,0.37842866497754746
5.443504790388732,0.3804746157025931
5.443504790388732,0.38252124188132225
5.443504790388732,0.3845685513754818
5.443504790388732,0.386616552130172
5.443504790388732,0.3886652521748135
5.443504790388732,0.39071465962412993
5.443504790388732,0.3927647826791396
5.443504790388732,0.3948156296281589
5.443504790388732,0.39686720884783316
5.443504790388732,0.39891952880415865
5.443504790388732,0.4009725980535443
5.443504790388732,0.40302642524386717
5.443504790388732,0.4050810191155562
5.443504790388732,0.40713638850268047
5.443504790388732,0.409192542334066
5.443504790388732,0.41124948963441715
5.443504790388732,0.413307239525454
5.443504790388732,0.4153658012270786
5.443504790388732,0.41742518405854073
5.443504790388732,0.419485397439634
5.443504790388732,0.4215464508919024
5.443504790388732,0.42360835403986563
5.443504790388732,0.4256711166122651
5.443504790388732,0.42773474844332204
5.443504790388732,0.4297992594740261
5.443504790388732,0.4318646597534262
5.443504790388732,0.43393095943995413
5.443504790388732,0.4359981688027631
5.443504790388732,0.4380662982230852
5.443504790388732,0.4401353581956159
5.443504790388732,0.44220535932990684
5.443504790388732,0.44427631235179255
5.443504790388732,0.4463482281048336
5.443504790388732,0.44842111755178016
5.443504790388732,0.45049499177606206
5.443504790388732,0.4525698619832982
5.443504790388732,0.4546457395028343
5.443504790388732,0.4567226357892972
5.443504790388732,0.45880056242418177
5.443504790388732,0.46087953111745905
5.443504790388732,0.46295955370920516
5.443504790388732,0.46504064217126734
5.443504790388732,0.46712280860894284
5.443504790388732,0.4692060652627005
5.443504790388732,0.4712904245099124
5.443504790388732,0.47337589886662584
5.443504790388732,0.475462500989364
5.443504790388732,0.4775502436769484
5.443504790388732,0.4796391398723572
5.443504790388732,0.4817292026646096
5.443504790388732,0.4838204452906875
5.443504790388732,0.4859128811374833
5.443504790388732,0.48800652374378234
5.443504790388732,0.4901013868022792
5.443504790388732,0.49219748416162495
5.443504790388732,0.49429482982851336
5.443504790388732,0.496393437969797
5.443504790388732,0.4984933229146444
5.443504790388732,0.500594499156731
5.443504790388732,0.502696981356469
5.443504790388732,0.5048007843432722
5.443504790388732,0.5069059231178658
5.443504790388732,0.5090124128546307
5.443504790388732,0.5111202689039943
5.443504790388732,0.5132295067948548
5.443504790388732,0.5153401422370582
5.443504790388732,0.5174521911239083
5.443504790388732,0.5195656695347316
5.443504790388732,0.5216805937374809
5.443504790388732,0.5237969801913854
5.443504790388732,0.5259148455496538
5.443504790388732,0.5280342066622178
5.443504790388732,0.5301550805785336
5.443504790388732,0.5322774845504298
5.443504790388732,0.5344014360350055
5.443504790388732,0.5365269526975849
5.443504790388732,0.5386540524147263
5.443504790388732,0.5407827532772813
5.443504790388732,0.5429130735935221
5.443504790388732,0.5450450318923094
5.443504790388732,0.5471786469263377
5.443504790388732,0.5493139376754299
5.443504790388732,0.5514509233498972
5.443504790388732,0.5535896233939646
5.443504790388732,0.5557300574892575
5.443504790388732,0.5578722455583576
5.443504790388732,0.560016207768427
5.443504790388732,0.5621619645349005
5.443504790388732,0.5643095365252493
5.443504790388732,0.5664589446628199
5.443504790388732,0.5686102101307451
5.443504790388732,0.5707633543759333
5.443504790388732,0.5729183991131336
5.443504790388732,0.5750753663290872
5.443504790388732,0.5772342782867526
5.443504790388732,0.5793951575296203
5.443504790388732,0.5815580268861142
5.443504790388732,0.5837229094740795
5.443504790388732,0.5858898287053582
5.443504790388732,0.5880588082904652
5.443504790388732,0.5902298722433492
5.443504790388732,0.592403044886262
5.443504790388732,0.5945783508547171
5.443504790388732,0.5967558151025576
5.443504790388732,0.5989354629071268
5.443504790388732,0.6011173198745444
5.458560465263821,0.603301411945097
5.458560465263821,0.6054877653987355
5.458560465263821,0.6076764068606955
5.458560465263821,0.6098673633072305
5.458560465263821,0.6120606620714717
5.458560465263821,0.6142563308494061
5.458560465263821,0.6164543977059941
5.458560465263821,0.6186548910814027
5.458560465263821,0.620857839797391
5.458560465263821,0.6230632730638219
5.458560465263821,0.62527122048532
5.458560465263821,0.627481712068077
5.458560465263821,0.6296947782268038
5.458560465263821,0.6319104497918404
5.458560465263821,0.634128758016419
5.458560465263821,0.6363497345840948
5.458560465263821,0.6385734116163365
5.458560465263821,0.6407998216802954
5.458560465263821,0.6430289977967455
5.458560465263821,0.6452609734482047
5.458560465263821,0.6474957825872439
5.458560465263821,0.6497334596449846
5.458560465263821,0.6519740395397943
5.458560465263821,0.6542175576861796
5.458560465263821,0.6564640500038945
5.458560465263821,0.6587135529272504
5.458560465263821,0.6609661034146572
5.458560465263821,0.6632217389583785
5.458560465263821,0.6654804975945292
5.458560465263821,0.6677424179133001
5.458560465263821,0.6700075390694387
5.458560465263821,0.672275900792975
5.458560465263821,0.6745475434002101
5.458560465263821,0.6768225078049699
5.458560465263821,0.6791008355301379
5.458560465263821,0.6813825687194672
5.458560465263821,0.6836677501496848
5.458560465263821,0.6859564232428996
5.458560465263821,0.6882486320793164
5.458560465263821,0.6905444214102692
5.458560465263821,0.6928438366715837
5.458560465263821,0.6951469239972777
5.458560465263821,0.6974537302336131
5.458560465263821,0.6997643029534979
5.458560465263821,0.7020786904712741
5.458560465263821,0.7043969418578718
5.458560465263821,0.7067191069563685
5.458560465263821,0.7090452363979488
5.458560465263821,0.7113753816182867
5.458560465263821,0.7137095948743568
5.458560465263821,0.716047929261696
5.458560465263821,0.7183904387321208
5.458560465263821,0.7207371781119242
5.458560465263821,0.7230882031205622
5.458560465263821,0.7254435703898434
5.458560465263821,0.7278033374836488
5.458560465263821,0.7301675629181841
5.458560465263821,0.7325363061827973
5.458560465263821,0.7349096277613691
5.458560465263821,0.7372875891543001
5.458560465263821,0.7396702529011149
5.473874876120233,0.7420576826037049
5.473874876120233,0.7444499429502248
5.473874876120233,0.7468470997396756
5.473874876120233,0.7492492199071901
5.473874876120233,0.7516563715500467
5.473874876120233,0.7540686239544386
5.473874876120233,0.7564860476230233
5.473874876120233,0.7589087143032797
5.473874876120233,0.7613366970167051
5.473874876120233,0.7637700700888722
5.473874876120233,0.7662089091803908
5.473874876120233,0.7686532913187946
5.473874876120233,0.7711032949313923
5.473874876120233,0.7735589998791199
5.473874876120233,0.7760204874914245
5.473874876120233,0.7784878406022223
5.473874876120233,0.7809611435869716
5.473874876120233,0.7834404824008989
5.473874876120233,0.7859259446184216
5.473874876120233,0.7884176194738166
5.473874876120233,0.7909155979031761
5.473874876120233,0.7934199725877071
5.473874876120233,0.7959308379984168
5.473874876120233,0.7984482904422485
5.473874876120233,0.8009724281097136
5.473874876120233,0.8035033511240881
5.473874876120233,0.8060411615922284
5.473874876120233,0.8085859636570726
5.473874876120233,0.8111378635518977
5.473874876120233,0.8136969696563983
5.473874876120233,0.8162633925546637
5.473874876120233,0.8188372450951308
5.473874876120233,0.8214186424525922
5.473874876120233,0.8240077021923449
5.473874876120233,0.8266045443365709
5.473874876120233,0.8292092914330375
5.473874876120233,0.8318220686262218
5.473874876120233,0.8344430037309578
5.473874876120233,0.8370722273087148
5.473874876120233,0.8397098727466198
5.473874876120233,0.8423560763393444
5.489437910335499,0.8450109773739802
5.489437910335499,0.8476747182180321
5.489437910335499,0.85034744441067
5.489437910335499,0.8530293047573831
5.489437910335499,0.8557204514281882
5.489437910335499,0.8584210400595551
5.489437910335499,0.8611312298602142
5.489437910335499,0.863851183721029
5.489437910335499,0.8665810683291174
5.489437910335499,0.8693210542864211
5.489437910335499,0.8720713162329307
5.489437910335499,0.8748320329747881
5.489437910335499,0.8776033876174938
5.489437910335499,0.8803855677044703
5.489437910335499,0.8831787653612336
5.489437910335499,0.8859831774454493
5.489437910335499,0.8887990057031607
5.489437910335499,0.8916264569314964
5.489437910335499,0.8944657431481733
5.489437910335499,0.8973170817681446
5.489437910335499,0.9001806957877483
5.489437910335499,0.9030568139767394
5.489437910335499,0.9059456710786147
5.489437910335499,0.9088475080196535
5.489437910335499,0.9117625721271365
5.489437910335499,0.9146911173572195
5.489437910335499,0.9176334045329798
5.489437910335499,0.9205897015931782
5.489437910335499,0.9235602838523113
5.505239981465034,0.9265454342725749
5.505239981465034,0.9295454437483888
5.505239981465034,0.9325606114041772
5.505239981465034,0.9355912449061482
5.505239981465034,0.9386376607888584
5.505239981465034,0.9417001847974024
5.505239981465034,0.944779152246123
5.505239981465034,0.9478749083947978
5.505239981465034,0.9509878088433206
5.505239981465034,0.954118219945963
5.505239981465034,0.9572665192463852
5.505239981465034,0.9604330959346296
5.505239981465034,0.9636183513274335
5.505239981465034,0.9668226993732799
5.505239981465034,0.9700465671837061
5.505239981465034,0.9732903955925059
5.505239981465034,0.9765546397445718
5.505239981465034,0.9798397697162508
5.505239981465034,0.9831462711692279
5.505239981465034,0.9864746460400999
5.505239981465034,0.9898254132679597
5.52127199515152,0.9931991095624884
5.52127199515152,0.9965962902152429
5.52127199515152,1.0000175299570317
5.52127199515152,1.0034634238644926
5.52127199515152,1.0069345883192307
5.52127199515152,1.0104316620231444
5.52127199515152,1.0139553070738418
5.52127199515152,1.017506210104377
5.52127199515152,1.0210850834918679
5.52127199515152,1.024692666639932
5.52127199515152,1.0283297273402843
5.52127199515152,1.0319970632192794
5.52127199515152,1.0356955032756696
5.52127199515152,1.0394259095163791
5.52127199515152,1.0431891786976673
5.537525317669944,1.0469862441796944
5.537525317669944,1.0508180779031964
5.537525317669944,1.0546856924977268
5.537525317669944,1.0585901435317666
5.537525317669944,1.0625325319159105
5.537525317669944,1.0665140064713396
5.537525317669944,1.0705357666768935
5.537525317669944,1.074599065609252
5.537525317669944,1.0787052130920753
5.537525317669944,1.082855579071392
5.537525317669944,1.0870515972361314
5.537525317669944,1.0912947689044437
5.5539917468721836,1.0955866671983823
5.5539917468721836,1.099928941531637
5.5539917468721836,1.1043233224373141
5.5539917468721836,1.1087716267653225
5.5539917468721836,1.1132757632816794
5.5539917468721836,1.1178377387051244
5.5539917468721836,1.122459664219727
5.5539917468721836,1.1271437625058107
5.5539917468721836,1.1318923753354442
5.5539917468721836,1.1367079717830122
5.570663485319021,1.1415931571059692
5.570663485319021,1.1465506823558114
5.570663485319021,1.151583454784535
5.570663485319021,1.156694549117396
5.570663485319021,1.1618872197685428
5.570663485319021,1.1671649140820204
5.570663485319021,1.1725312866865805
5.587533115408756,1.177990215058493
5.587533115408756,1.1835458163918844
5.587533115408756,1.1892024658806104
5.587533115408756,1.1949648165188276
5.587533115408756,1.2008378205284629
5.587533115408756,1.2068267525198022
5.604593576330416,1.2129372344850053
5.604593576330416,1.2191752627117958
5.604593576330416,1.2255472366834481
5.604593576330416,1.2320599899983498
5.604593576330416,1.2387208232936422
5.621838142686438,1.2455375390872159
5.621838142686438,1.2525184783533523
5.621838142686438,1.2596725585100617
5.621838142686438,1.2670093123082902
5.639260404644602,1.2745389268586687
5.639260404644602,1.2822722816899579
5.639260404644602,1.2902209842789216
5.656854249492381,1.298397400891871
5.656854249492381,1.3068146797942797
5.656854249492381,1.3154867628700688
5.674613844478814,1.3244283803935684
5.674613844478814,1.3336550220587742
5.692533620839691,1.343182875340375
5.692533620839691,1.3530287198045445
5.692533620839691,1.3632097631110112
5.710608258911391,1.373743401236816
5.72883267424733,1.3846468821294453
5.72883267424733,1.3959368490070927
5.747202004658697,1.4076287376422807
5.747202004658697,1.4197360024242258
5.76571159810809,1.4322691505914862
5.7843570013909265,1.445234575135599
5.803133949545162,1.4586331972475626
5.822038355934932,1.472458961314928
5.841066302958352,1.4866972704012846
5.841066302958352,1.5013235054732377
5.879477941923518,1.5163018293086112
5.898854568054189,1.5315845206274052
5.918340588302513,1.5471120937178315
5.937932809710092,1.5628144109536026
5.957628163399705,1.5786128771420789
5.997316576807412,1.5944236249882309
6.0173040667996185,1.6101613986837608
6.037383539249433,1.625743678097369
6.077808396285686,1.6410945180470777
6.098148991005783,1.6561476340844934
6.118571980202821,1.670848429923381
6.159656477802014,1.685154875624259
6.180313843617286,1.6990373429296919
6.201045312119802,1.712477636393003
6.2427230363913235,1.7254675105877209
6.2636656905427905,1.7380069476835516
6.284675238796581,1.7501024130395668
6.305750027322654,1.7617652361256106
6.3480889798152775,1.7730101989452975
6.36935009947288,1.7838543635503163
6.390670366639382,1.7943161362018558
6.412048378387336,1.8044145460821817
6.43348277609042,1.814168707468392
6.454972243679028,1.8235974322615163
6.476515505978007,1.832718961757777
6.498111327122069,1.8415507904754813
6.519758509044654,1.850109559397225
6.5414558900362785,1.8584110004086574
6.5414558900362785,1.8664699176478554
6.56320234336867,1.8743001947915536
6.584996775981181,1.8819148199933329
6.60683812722622,1.889325922315032
6.62872536767062,1.8965448151409279
6.650657497950015,1.9035820433223496
6.650657497950015,1.910447431748509
6.672633547673547,1.9171501337459111
6.6946525743762875,1.9236986782298917
6.6946525743762875,1.9301010149123354
6.716713662516992,1.9363645571443915
6.738815922518881,1.942496222168923
6.738815922518881,1.9485024686949806
6.760958489851312,1.9543893318012533
6.783140524150327,1.9601624552387988
6.783140524150327,1.9658271212440523
6.8053612083761275,1.9713882779975436
6.8053612083761275,1.9768505648766772
6.827619748005718,1.9822183356557939
6.849915370258974,1.9874956798060865
6.849915370258974,1.9926864420436359
6.872247323356552,1.9977942402671829
6.872247323356552,2.0028224820192078
6.894614875808096,2.00777437959514
6.894614875808096,2.0126529639165023
6.917017315729323,2.017461097274861
6.917017315729323,2.0222014850447905
6.9394539501866115,2.0268766864558048
6.9394539501866115,2.0314891245054487
6.961924104567805,2.036041095088515
6.961924104567805,2.0405347754106566
6.984427121978023,2.0449722317485026
6.984427121978023,2.0493554266127503
7.006962362659309,2.053686225365553
7.006962362659309,2.0579664023388267
7.006962362659309,2.062197646495831
7.02952920343303,2.0663815666745204
7.02952920343303,2.0705196964476293
7.052127037163987,2.0746134986312956
7.052127037163987,2.078664369471136
7.074755272245264,2.08267364253208
7.074755272245264,2.0866425923159166
7.074755272245264,2.090572437628369
7.0974133321028585,2.0944643447155804
7.0974133321028585,2.098319430188152
7.0974133321028585,2.1021387637492768
7.120100654719239,2.1059233707420955
7.120100654719239,2.109674234530085
7.142816692174961,2.113392298723121
7.142816692174961,2.1170784692607834
7.142816692174961,2.1207336163634984
7.16556091020757,2.124358576361234
7.16556091020757,2.1279541534086652
7.16556091020757,2.131521121094986
7.188332787787016,2.13506022395589
7.188332787787016,2.1385721788946386
7.188332787787016,2.1420576765185726
7.2111318167068665,2.1455173823969336
7.2111318167068665,2.1489519382453963
7.2111318167068665,2.1523619630422863
7.233957501190635,2.155748054081095
7.233957501190635,2.1591107879635283
7.233957501190635,2.162450721537018
7.256809357512574,2.165768392780336
7.256809357512574,2.169064321640665
7.256809357512574,2.172339010825241
7.279686913632313,2.1755929465504718
7.279686913632313,2.1788265992511797
7.279686913632313,2.182040424252491
7.302589708842761,2.185234862406654
7.302589708842761,2.188410340696951
7.302589708842761,2.1915672728106914
7.302589708842761,2.1947060596831554
7.325517293430696,2.1978270900142056
7.325517293430696,2.2009307407591994
7.325517293430696,2.204017377595689
7.3484692283495345,2.207087355367326
7.3484692283495345,2.210141018506274
7.3484692283495345,2.2131787014353628
7.3484692283495345,2.216200728951121
7.371445084903743,2.2192074165887608
7.371445084903743,2.222199070970119
7.371445084903743,2.2251759901354955
7.371445084903743,2.2281384638602613
7.394444444444445,2.2310867739570623
7.394444444444445,2.234021194564403
7.394444444444445,2.236941992422319
7.394444444444445,2.239849427135832
7.417466898075722,2.242743751426822
7.417466898075722,2.245625211374921
7.417466898075722,2.2484940466479895
7.417466898075722,2.251350490722716
7.440512046371212,2.2541947710958308
7.440512046371212,2.257027109486415
7.440512046371212,2.2598477220297424
7.440512046371212,2.2626568194630785
7.463579499100545,2.2654546073038273
7.463579499100545,2.268241286020404
7.463579499100545,2.2710170511961794
7.463579499100545,2.273782093686835
7.486668874965254,2.276536599771437
7.486668874965254,2.2792807512975304
7.486668874965254,2.282014725820532
7.486668874965254,2.2847386967376866
7.509779801343756,2.2874528334168422
7.509779801343756,2.2901573013202774
7.509779801343756,2.292852262123803
7.509779801343756,2.295537873831368
7.509779801343756,2.2982142908853493
7.532911914045053,2.300881664272734
7.532911914045053,2.303540141627371
7.532911914045053,2.3061898673284613
7.532911914045053,2.308830982595457
7.532911914045053,2.3114636255795205
7.5560648570707984,2.314087931451696
7.5560648570707984,2.3167040324879253
7.5560648570707984,2.3193120581510533
7.5560648570707984,2.3219121351699425
7.579238282385406,2.3245043876158187
7.579238282385406,2.327088936975964
7.579238282385406,2.3296659022248707
7.579238282385406,2.3322353998929453
7.579238282385406,2.3347975441328885
7.602431849693871,2.3373524467838167
7.602431849693871,2.339900217433236
7.602431849693871,2.342440963476948
7.602431849693871,2.3449747901769644
7.602431849693871,2.34750180071752
7.625645226227029,2.350022096259251
7.625645226227029,2.352535775991604
7.625645226227029,2.355042937183565
7.625645226227029,2.357543675232749
7.625645226227029,2.3600380837129293
7.625645226227029,2.3625262544200556
7.648878086533931,2.3650082774168304
7.648878086533931,2.367484241075879
7.648878086533931,2.369954232121585
7.648878086533931,2.37241833567063
7.648878086533931,2.3748766352712862
7.672130112281081,2.377329212941509
7.672130112281081,2.379776149205872
7.672130112281081,2.382217523131393
7.672130112281081,2.3846534123622773
7.672130112281081,2.3870838931536316
7.672130112281081,2.3895090404041737
7.695400992058271,2.391928927687982
7.695400992058271,2.394343627285313
7.695400992058271,2.396753210212521
7.695400992058271,2.3991577462511127
7.695400992058271,2.401557303975963
7.695400992058271,2.4039519507827265
7.718690421190749,2.406341752914466
7.718690421190749,2.408726775487529
7.718690421190749,2.411107082516694
7.718690421190749,2.4134827369396152
7.718690421190749,2.415853800640587
7.718690421190749,2.418220334473648
7.74199810155749,2.4205823982850534
7.74199810155749,2.4229400509351278
7.74199810155749,2.4252933503195293
7.74199810155749,2.4276423533899294
7.74199810155749,2.429987116174142
7.74199810155749,2.4323276937957172
7.765323741415342,2.434664140493001
7.765323741415342,2.4369965096377015
7.765323741415342,2.4393248537529617
7.765323741415342,2.4416492245309556
7.765323741415342,2.443969672850031
7.765323741415342,2.4462862487914023
7.7886670552288155,2.4485990016554187
7.7886670552288155,2.4509079799774063
7.7886670552288155,2.453213231543115
7.7886670552288155,2.4555148034037666
7.7886670552288155,2.4578127418907236
7.7886670552288155,2.460107092629792
7.7886670552288155,2.462397900555159
7.81202776350531,2.4646852099229983
7.81202776350531,2.466969064324719
7.81202776350531,2.469249506699903
7.81202776350531,2.471526579348919
7.81202776350531,2.4738003239452304
7.81202776350531,2.476070781547404
7.81202776350531,2.4783379926108267
7.835405592635583,2.480601996999141
7.835405592635583,2.4828628339954126
7.835405592635583,2.4851205423130245
7.835405592635583,2.487375160106313
7.835405592635583,2.4896267249809636
7.835405592635583,2.4918752740041477
7.835405592635583,2.494120843714432
7.858800274739253,2.4963634701314596
7.858800274739253,2.4986031887653977
7.858800274739253,2.5008400346261763
7.858800274739253,2.503074042232512
7.858800274739253,2.5053052456207263
7.858800274739253,2.5075336783533606
7.858800274739253,2.509759373527604
7.858800274739253,2.511982363783525
7.8822115475151655,2.514202681312118
7.8822115475151655,2.5164203578631783
7.8822115475151655,2.518635424752996
7.8822115475151655,2.5208479128718793
7.8822115475151655,2.523057852691517
7.8822115475151655,2.5252652742721766
7.8822115475151655,2.527470207269748
7.905639154096436,2.529672680942632
7.905639154096436,2.5318727241584806
7.905639154096436,2.534070365400794
7.905639154096436,2.5362656327753754
7.905639154096436,2.538458554016648
7.905639154096436,2.5406491564938394
7.905639154096436,2.5428374672170344
7.905639154096436,2.5450235128430996
7.92908284291,2.547207319681487
7.92908284291,2.5493889136999135
7.92908284291,2.551568320529923
7.92908284291,2.5537455654723393
7.92908284291,2.555920673502597
7.92908284291,2.5580936692759697
7.92908284291,2.5602645771326937
7.92908284291,2.56243342110298
7.92908284291,2.564600224911933
7.952542367540514,2.566765011984363
7.952542367540514,2.568927805449512
7.952542367540514,2.571088628145672
7.952542367540514,2.5732475026247226
7.952542367540514,2.5754044511565763
7.952542367540514,2.577559495733532
7.952542367540514,2.5797126580745493
7.952542367540514,2.5818639596294304
7.952542367540514,2.5840134215829322
7.976017486598439,2.5861610648587936
7.976017486598439,2.5883069101236766
7.976017486598439,2.5904509777910496
7.976017486598439,2.592593288024979
7.976017486598439,2.5947338607438586
7.976017486598439,2.5968727156240665
7.976017486598439,2.5990098721035535
7.976017486598439,2.601145349385357
7.976017486598439,2.60327916644106
7.9995079635921655,2.60541134201418
7.9995079635921655,2.6075418946234925
7.9995079635921655,2.609670842566298
7.9995079635921655,2.611798203921628
7.9995079635921655,2.6139239965533854
7.9995079635921655,2.6160482381134393
7.9995079635921655,2.618170946044654
7.9995079635921655,2.6202921375838666
7.9995079635921655,2.6224118297648102
8.02301356680404,2.6245300394209865
8.02301356680404,2.6266467831884834
8.02301356680404,2.628762077508747
8.02301356680404,2.6308759386312985
8.02301356680404,2.6329883826164093
8.02301356680404,2.635099425337725
8.02301356680404,2.6372090824848424
8.02301356680404,2.6393173695658496
8.02301356680404,2.641424301909808
8.02301356680404,2.643529894669206
8.02301356680404,2.6456341628223585
8.046534069170141,2.6477371211757736
8.046534069170141,2.6498387843664752
8.046534069170141,2.6519391668642855
8.046534069170141,2.654038282974067
8.046534069170141,2.6561361468379365
8.046534069170141,2.6582327724374264
8.046534069170141,2.6603281735956243
8.046534069170141,2.662422363979264
8.046534069170141,2.664515357100795
8.046534069170141,2.666607166320408
8.070069248163678,2.6686978048480285
8.070069248163678,2.670787285745282
8.070069248163678,2.672875621927423
8.070069248163678,2.6749628261652316
8.070069248163678,2.677048911086887
8.070069248163678,2.6791338891798016
8.070069248163678,2.681217772792426
8.070069248163678,2.683300574136036
8.070069248163678,2.685382305286478
8.070069248163678,2.6874629781858985
8.070069248163678,2.6895426046444277
8.070069248163678,2.691621196341861
8.093618885681897,2.693698764829298
8.093618885681897,2.6957753215307565
8.093618885681897,2.697850877744769
8.093618885681897,2.699925444645949
8.093618885681897,2.701999033286534
8.093618885681897,2.7040716545979033
8.093618885681897,2.706143319392079
8.093618885681897,2.708214038363193
8.093618885681897,2.7102838220889462
8.093618885681897,2.7123526810320318
8.093618885681897,2.714420625541545
8.093618885681897,2.71648766585437
8.117182767936354,2.7185538120965456
8.117182767936354,2.720619074284611
8.117182767936354,2.7226834623269345
8.117182767936354,2.7247469860250146
8.117182767936354,2.726809655074771
8.117182767936354,2.7288714790678146
8.117182767936354,2.730932467492692
8.117182767936354,2.7329926297361227
8.117182767936354,2.735051975084211
8.117182767936354,2.7371105127236444
8.117182767936354,2.7391682517428695
8.117182767936354,2.741225201133262
8.117182767936354,2.743281369790265
8.140760685346454,2.7453367665145283
8.140760685346454,2.7473914000130133
8.140760685346454,2.7494452789001023
8.140760685346454,2.7514984116986714
8.140760685346454,2.7535508068411705
8.140760685346454,2.7556024726706703
8.140760685346454,2.757653417441902
8.140760685346454,2.7597036493222857
8.140760685346454,2.7617531763929413
8.140760685346454,2.7638020066496845
8.140760685346454,2.765850148004014
8.140760685346454,2.767897608284083
8.140760685346454,2.7699443952356537
8.140760685346454,2.771990516523044
8.164352432436123,2.774035979730069
8.164352432436123,2.7760807923609496
8.164352432436123,2.7781249618412276
8.164352432436123,2.7801684955186645
8.164352432436123,2.7822114006641243
8.164352432436123,2.7842536844724473
8.164352432436123,2.786295354063316
8.164352432436123,2.788336416482104
8.164352432436123,2.790376878700719
8.164352432436123,2.7924167476184327
8.164352432436123,2.7944560300627
8.164352432436123,2.7964947327899727
8.164352432436123,2.7985328624864927
8.164352432436123,2.8005704257690907
8.164352432436123,2.8026074291859566
8.18795780773353,2.8046438792174193
8.18795780773353,2.8066797822767002
8.18795780773353,2.8087151447106757
8.18795780773353,2.810749972800605
8.18795780773353,2.812784272762878
8.18795780773353,2.8148180507497376
8.18795780773353,2.816851312849993
8.18795780773353,2.8188840650897253
8.18795780773353,2.8209163134329995
8.18795780773353,2.822948063782545
8.18795780773353,2.8249793219804444
8.18795780773353,2.8270100938088083
8.18795780773353,2.8290403849904484
8.18795780773353,2.8310702011895286
8.18795780773353,2.8330995480122256
8.18795780773353,2.8351284310073765
8.18795780773353,2.8371568556671076
8.21157661367374,2.83918482742748
8.21157661367374,2.8412123516691
8.21157661367374,2.8432394337177476
8.21157661367374,2.8452660788449817
8.21157661367374,2.8472922922687465
8.21157661367374,2.8493180791539716
8.21157661367374,2.8513434446131543
8.21157661367374,2.8533683937069583
8.21157661367374,2.8553929314447855
8.21157661367374,2.857417062785342
8.21157661367374,2.859440792637217
8.21157661367374,2.861464125859441
8.21157661367374,2.863487067262035
8.21157661367374,2.8655096216065647
8.21157661367374,2.867531793606685
8.21157661367374,2.8695535879286758
8.21157661367374,2.8715750091919747
8.21157661367374,2.873596061969712
8.21157661367374,2.875616750789218
8.21157661367374,2.877637080132559
8.235208656504195,2.8796570544370326
8.235208656504195,2.8816766780956877
8.235208656504195,2.8836959554578185
8.235208656504195,2.8857148908294676
8.235208656504195,2.8877334884739163
8.235208656504195,2.889751752612172
8.235208656504195,2.891769687423451
8.235208656504195,2.893787297045666
8.235208656504195,2.8958045855758847
8.235208656504195,2.897821557070821
8.235208656504195,2.899838215547281
8.235208656504195,2.901854564982637
8.235208656504195,2.9038706093152835
8.235208656504195,2.9058863524450875
8.235208656504195,2.9079017982338398
8.235208656504195,2.9099169505057034
8.235208656504195,2.911931813047655
8.235208656504195,2.9139463896099107
8.235208656504195,2.915960683906384
8.235208656504195,2.917974699615098
8.235208656504195,2.9199884403786167
8.235208656504195,2.9220019098044707
8.235208656504195,2.9240151114655752
8.258853746192932,2.9260280489006534
8.258853746192932,2.9280407256146357
8.258853746192932,2.9300531450790825
8.258853746192932,2.9320653107325896
8.258853746192932,2.9340772259811794
8.258853746192932,2.9360888941987207
8.258853746192932,2.9381003187273054
8.258853746192932,2.9401115028776585
8.258853746192932,2.942122449929524
8.258853746192932,2.9441331631320518
8.258853746192932,2.9461436457041765
8.258853746192932,2.9481539008350186
8.258853746192932,2.950163931684242
8.258853746192932,2.952173741382449
8.258853746192932,2.9541833330315446
8.258853746192932,2.956192709705107
8.258853746192932,2.9582018744487635
8.258853746192932,2.9602108302805537
8.258853746192932,2.962219580191292
8.258853746192932,2.9642281271449247
8.258853746192932,2.9662364740789045
8.258853746192932,2.968244623904528
8.258853746192932,2.9702525795073
8.258853746192932,2.9722603437472843
8.258853746192932,2.9742679194594572
8.258853746192932,2.9762753094540444
8.258853746192932,2.9782825165168725
8.258853746192932,2.980289543409717
8.258853746192932,2.9822963928706354
8.258853746192932,2.9843030676143054
8.282511696339462,2.986309570332365
8.282511696339462,2.9883159036937545
8.282511696339462,2.9903220703450364
8.282511696339462,2.992328072910727
8.282511696339462,2.994333913993641
8.282511696339462,2.9963395961752046
8.282511696339462,2.998345122015776
8.282511696339462,3.0003504940549894
8.282511696339462,3.002355714812054
8.282511696339462,3.004360786786095
8.282511696339462,3.006365712456449
8.282511696339462,3.008370494283005
8.282511696339462,3.010375134706501
8.282511696339462,3.012379636148849
8.282511696339462,3.014384001013431
8.282511696339462,3.016388231685436
8.282511696339462,3.018392330532146
8.282511696339462,3.0203962999032457
8.282511696339462,3.022400142131138
8.282511696339462,3.0244038595312515
8.282511696339462,3.026407454402323
8.282511696339462,3.028410929026723
8.282511696339462,3.0304142856707377
8.282511696339462,3.032417526584887
8.282511696339462,3.0344206540041965
8.282511696339462,3.0364236701485234
8.282511696339462,3.0384265772228294
8.282511696339462,3.0404293774174826
8.282511696339462,3.0424320729085683
8.282511696339462,3.0444346658581347
8.282511696339462,3.0464371584145367
8.282511696339462,3.048439552712695
8.282511696339462,3.050441850874386
8.282511696339462,3.0524440550085408
8.282511696339462,3.0544461672115313
8.282511696339462,3.056448189567446
8.282511696339462,3.0584501241483677
8.282511696339462,3.0604519730146866
8.282511696339462,3.062453738215357
8.282511696339462,3.0644554217881868
8.282511696339462,3.066457025760133
8.282511696339462,3.068458552147542
8.282511696339462,3.0704600029564784
8.282511696339462,3.0724613801829808
8.282511696339462,3.074462685813316
8.282511696339462,3.076463921824301
8.282511696339462,3.078465090183556
8.282511696339462,3.0804661928497783
8.282511696339462,3.0824672317730113
8.282511696339462,3.084468208894941
8.282511696339462,3.0864691261491557
8.282511696339462,3.088469985461422
8.282511696339462,3.090470788749933
8.282511696339462,3.0924715379256362
8.282511696339462,3.0944722348924603
8.282511696339462,3.0964728815475646
8.282511696339462,3.098473479781698
8.282511696339462,3.100474031479371
8.306182324088187,3.1024745385191603
8.306182324088187,3.1044750027740236
8.306182324088187,3.1064754261115026
8.306182324088187,3.1084758103940033
8.306182324088187,3.1104761574791144
8.306182324088187,3.1124764692197804
8.306182324088187,3.1144767474646735
8.306182324088187,3.116476994058391
8.306182324088187,3.11847721084176
8.306182324088187,3.1204773996520396
8.306182324088187,3.1224775623232808
8.306182324088187,3.1244777006865085
8.306182324088187,3.126477816570053
8.306182324088187,3.128477911799752
8.306182324088187,3.1304779881993077
8.306182324088187,3.132478047590356
8.306182324088187,3.1344780917929844
8.306182324088187,3.136478122625873
8.306182324088187,3.138478141906471
8.306182324088187,3.1404781514514353
8.306182324088187,3.1407071541029623
