1.7652721088559795,3.96,3.97
1.7713782031434995,3.63,3.65,3.87,3.88,3.91,4.02,4.05,4.1,4.12,4.13,4.15,4.16,4.18,4.19,4.22,4.27,4.32,4.34
1.7776971380012496,3.43,3.44,3.48,3.68,3.69,4.4,4.45,4.53
1.784242994310717,3.32,3.33,3.35,3.37,3.39,4.69,4.71,4.76
1.79103103720239,3.1,3.12,3.13,3.14,3.15,4.88,4.89,4.9,4.91,4.92,4.93,4.95
1.798077841477733,2.96,2.97,3.02,5.08
1.8054014326930456,2.91,5.12,5.13,5.16,5.17,5.19
1.8130214461364178,2.77,2.82,2.84,5.33,5.4,5.41
1.8209593062775458,2.75,5.35,5.36,5.45
1.8292384296755704,2.58,2.61,2.71,5.6
1.8378844548010225,2.56,5.62,5.67,5.68
1.8469255027740261,2.5,5.72,5.73,5.75,5.79,5.8
1.8563924736523107,2.37,2.38,2.4,2.42,2.44,5.88
1.8663193836296488,2.3,2.32,2.33,5.96
1.8767437493376735,2.22,6.06
1.887707026389054,1.99,2.03,2.2,6.18
1.8992551103604212,1.93,2.05,2.06,2.07,2.16,2.17,2.18,6.29
1.9114389095834916,1.86,1.87,1.88,6.33
1.924315000372015,1.78,6.41
1.9379463766157228,1.73,6.56
1.952403306936727,1.67,6.65
1.967764313683775,1.64,6.74
1.9841172886951515,1.6,6.85
2.001560760605811,1.52,6.94,6.95,6.97
2.0202053269014275,1.44,7.01,7.03,7.04
2.0401752599937097,1.4,7.08,7.09,7.12,7.13,7.14
2.0616102888813304,1.36,7.19
2.0846675443332177,1.32,7.32
2.109523632841894,1.26,7.43
2.136376768311199,1.22,7.48
2.1654488342091844,1.16,7.59
2.196987164163712,1.11,1.12,1.13,7.65
2.2312657048356725,1.06,7.72
2.268585048972369,1.04,7.79,7.8,7.85
2.3092705875982817,0.98,7.93
2.3536677248190268,0.96,7.95,7.96,8.02
2.4021327440430094,0.91,8.04,8.05,8.11
2.455017571864459,0.88,8.13,8.16,8.21
2.5126464949418548,0.84,8.23,8.31,8.32
2.575283102113553,0.81,8.25,8.28,8.33
2.643086736459092,0.79,8.35,8.45,8.46
2.7160599990275363,0.77,8.37,8.43,8.47
2.7939926107988473,0.75,8.39,8.41,8.49
2.8764118140761363,0.72,0.73,0.75,8.5
2.962553873903746,0.72,8.51
3.0513722470309848,0.72,8.52
