b,alpha
5.257741544983564,0.057236124236148773
5.257741544983564,0.1140999869681894
5.257741544983564,0.170233848287881
5.257741544983564,0.22530725872420607
5.257741544983564,0.27902755655794664
5.257741544983564,0.3311471793697916
5.257741544983564,0.3814675434969671
5.257741544983564,0.42983968095295133
5.257741544983564,0.47616214867394535
5.257741544983564,0.5203769051180346
5.257741544983564,0.5624638910941112
5.257741544983564,0.6024349877951788
5.257741544983564,0.6403278983036151
5.257741544983564,0.676200348841536
5.257741544983564,0.7101248617795993
5.257741544983564,0.7421842308731206
5.257741544983564,0.7724677370346349
5.257741544983564,0.8010680797886572
5.257741544983564,0.8280789611738949
5.257741544983564,0.8535932394951236
5.257741544983564,0.8777015644141237
5.257741544983564,0.9004914075507134
5.257741544983564,0.9220464104176197
5.257741544983564,0.942445981474662
5.257741544983564,0.9617650846766685
5.257741544983564,0.980074172037444
5.257741544983564,0.9974392219031007
5.257741544983564,1.0139218525648228
5.257741544983564,1.0295794875251962
5.257741544983564,1.044465554218119
5.257741544983564,1.058629702415511
5.257741544983564,1.0721180320757644
5.257741544983564,1.084973323154014
5.257741544983564,1.0972352620377142
5.257741544983564,1.1089406609143213
5.257741544983564,1.120123667626702
5.257741544983564,1.130815964503578
5.257741544983564,1.1410469553459137
5.257741544983564,1.15084394025211
5.257741544983564,1.1602322783251793
5.257741544983564,1.169235538554755
5.257741544983564,1.1778756393359826
5.257741544983564,1.1861729771926701
5.257741544983564,1.194146545335621
5.257741544983564,1.2018140427135418
5.257741544983564,1.2091919742212651
5.257741544983564,1.2162957427167986
5.257741544983564,1.2231397334773684
5.257741544983564,1.229737391694497
5.257741544983564,1.236101293573766
5.257741544983564,1.242243211569053
5.257741544983564,1.248174174243714
5.257741544983564,1.2539045212145636
5.257741544983564,1.259443953599097
5.257741544983564,1.26480158035237
5.257741544983564,1.269985960847647
5.257741544983564,1.275005144025303
5.257741544983564,1.2798667044060767
5.257741544983564,1.2845777752391738
5.257741544983564,1.2891450790318144
5.257741544983564,1.2935749556847338
5.257741544983564,1.2978733884385725
5.257741544983564,1.3020460278172505
5.257741544983564,1.306098213738096
5.257741544983564,1.3100349959431563
5.257741544983564,1.313861152892318
5.257741544983564,1.3175812092462587
5.257741544983564,1.3211994520558805
5.257741544983564,1.32471994576451
5.257741544983564,1.328146546119676
5.257741544983564,1.33148291308279
5.257741544983564,1.3347325228173645
5.257741544983564,1.3378986788291423
5.257741544983564,1.3409845223254666
5.257741544983564,1.3439930418551025
5.257741544983564,1.3469270822846318
5.257741544983564,1.349789353162736
5.257741544983564,1.3525824365193146
5.257741544983564,1.3553087941424051
5.257741544983564,1.3579707743723537
5.257741544983564,1.3605706184493205
5.257741544983564,1.3631104664473204
5.257741544983564,1.3655923628252011
5.257741544983564,1.368018261622523
5.257741544983564,1.3703900313260982
5.257741544983564,1.3727094594307443
5.257741544983564,1.3749782567161446
5.257741544983564,1.3771980612597388
5.257741544983564,1.3793704422042186
5.257741544983564,1.381496903296643
5.257741544983564,1.383578886214886
5.257741544983564,1.385617773695971
5.257741544983564,1.3876148924796905
5.257741544983564,1.3895715160799438
5.257741544983564,1.3914888673952583
5.257741544983564,1.393368121169134
5.257741544983564,1.395210406310042
5.257741544983564,1.3970168080802337
5.257741544983564,1.398788370161791
5.257741544983564,1.4005260966077877
5.257741544983564,1.4022309536858688
5.257741544983564,1.4039038716209906
5.257741544983564,1.4055457462436551
5.257741544983564,1.4071574405494722
5.257741544983564,1.408739786175515
5.257741544983564,1.4102935847985463
5.257741544983564,1.4118196094598314
5.257741544983564,1.4133186058209768
5.257741544983564,1.4147912933548659
5.257741544983564,1.416238366475575
5.257741544983564,1.4176604956108125
5.257741544983564,1.4190583282202622
5.257741544983564,1.4204324897629337
5.257741544983564,1.4217835846164615
5.257741544983564,1.423112196951084
5.257741544983564,1.424418891560869
5.257741544983564,1.4257042146545742
5.257741544983564,1.426968694608409
5.257741544983564,1.4282128426827845
5.257741544983564,1.4294371537050468
5.257741544983564,1.4306421067200412
5.257741544983564,1.4318281656102314
5.257741544983564,1.4329957796870496
5.257741544983564,1.4341453842549639
5.257741544983564,1.4352774011497487
5.257741544983564,1.4363922392522883
5.257741544983564,1.4374902949792059
5.257741544983564,1.4385719527515155
5.257741544983564,1.4396375854424257
5.257741544983564,1.4406875548053717
5.257741544983564,1.4417222118832675
5.257741544983564,1.4427418973999346
5.257741544983564,1.4437469421345996
5.257741544983564,1.4447376672802994
5.257741544983564,1.4457143847869958
5.257741544983564,1.4466773976901488
5.26719667841031,1.4476270004254492
5.26719667841031,1.4485634791304018
5.26719667841031,1.4494871119333685
5.26719667841031,1.4503981692306955
5.26719667841031,1.451296913952465
5.26719667841031,1.4521836018174372
5.26719667841031,1.4530584815776637
5.26719667841031,1.4539217952532766
5.26719667841031,1.4547737783578878
5.26719667841031,1.4556146601150495
5.26719667841031,1.4564446636661728
5.26719667841031,1.4572640062702984
5.26719667841031,1.4580728994960854
5.26719667841031,1.4588715494063698
5.26719667841031,1.4596601567356247
5.26719667841031,1.4604389170606307
5.26719667841031,1.4612080209646705
5.26719667841031,1.461967654195513
5.26719667841031,1.4627179978174731
5.26719667841031,1.4634592283577992
5.26719667841031,1.4641915179476246
5.26719667841031,1.4649150344577313
5.26719667841031,1.4656299416293292
5.26719667841031,1.4663363992000813
5.26719667841031,1.4670345630255541
5.26719667841031,1.4677245851963017
5.26719667841031,1.4684066141507555
5.26719667841031,1.4690807947840983
5.26719667841031,1.469747268553281
5.26719667841031,1.4704061735783516
5.26719667841031,1.4710576447402302
5.26719667841031,1.4717018137750906
5.26719667841031,1.4723388093654726
5.26719667841031,1.4729687572282606
5.26719667841031,1.4735917801996532
5.26719667841031,1.4742079983172443
5.26719667841031,1.4748175288993222
5.26719667841031,1.4754204866215075
5.26719667841031,1.476016983590819
5.26719667841031,1.4766071294172822
5.26719667841031,1.477191031283162
5.26719667841031,1.4777687940099193
5.26719667841031,1.4783405201229727
5.26719667841031,1.4789063099143527
5.26719667841031,1.479466261503326
5.26719667841031,1.4800204708950646
5.26719667841031,1.4805690320374343
5.26719667841031,1.4811120368759736
5.26719667841031,1.4816495754071286
5.26719667841031,1.4821817357298033
5.26719667841031,1.4827086040952981
5.26719667841031,1.4832302649556843
5.26719667841031,1.483746801010674
5.26719667841031,1.4842582932530457
5.26719667841031,1.484764821012668
5.26719667841031,1.4852664619991782
5.26719667841031,1.4857632923433601
5.26719667841031,1.4862553866372692
5.26719667841031,1.4867428179731477
5.26719667841031,1.4872256579811693
5.26719667841031,1.4877039768660647
5.26719667841031,1.4881778434426494
5.26719667841031,1.4886473251703085
5.26719667841031,1.489112488186465
5.26719667841031,1.489573397339068
5.26719667841031,1.490030116218133
5.26719667841031,1.4904827071863733
5.26719667841031,1.4909312314089402
5.26719667841031,1.491375748882316
5.26719667841031,1.4918163184623767
5.26719667841031,1.49225299789166
5.26719667841031,1.492685843825859
5.26719667841031,1.4931149118595708
5.26719667841031,1.493540256551323
5.26719667841031,1.4939619314479022
5.26719667841031,1.494379989108006
5.26719667841031,1.494794481125242
5.26719667841031,1.4952054581504926
5.26719667841031,1.4956129699136684
5.26719667841031,1.4960170652448694
5.26719667841031,1.496417792094969
5.26719667841031,1.4968151975556454
5.26719667841031,1.4972093278788716
5.26719667841031,1.4976002284958858
5.26719667841031,1.497987944035655
5.26719667841031,1.4983725183428498
5.26719667841031,1.4987539944953439
5.26719667841031,1.4991324148212546
5.26719667841031,1.4995078209155361
5.26719667841031,1.4998802536561429
5.26719667841031,1.500249753219771
5.26719667841031,1.5006163590971964
5.26719667841031,1.5009801101082154
5.26719667841031,1.501341044416208
5.26719667841031,1.5016991995423241
5.26719667841031,1.502054612379316
5.26719667841031,1.5024073192050182
5.26719667841031,1.5027573556954894
5.26719667841031,1.5031047569378266
5.26719667841031,1.5034495574426592
5.26719667841031,1.5037917911563337
5.26719667841031,1.5041314914727975
5.26719667841031,1.5044686912451914
5.26719667841031,1.504803422797158
5.26719667841031,1.5051357179338751
5.26719667841031,1.5054656079528208
5.26719667841031,1.50579312365428
5.26719667841031,1.5061182953515984
5.26719667841031,1.5064411528811894
5.26719667841031,1.506761725612306
5.26719667841031,1.5070800424565782
5.26719667841031,1.5073961318773272
5.26719667841031,1.5077100218986594
5.26719667841031,1.5080217401143492
5.26719667841031,1.5083313136965142
5.26719667841031,1.5086387694040897
5.26719667841031,1.5089441335911078
5.277160782648746,1.5092474322147862
5.277160782648746,1.5095486908434321
5.277160782648746,1.5098479346641673
5.277160782648746,1.510145188490478
5.277160782648746,1.5104404767695925
5.277160782648746,1.510733823589697
5.277160782648746,1.511025252686988
5.277160782648746,1.511314787452569
5.277160782648746,1.5116024509391934
5.277160782648746,1.511888265867861
5.277160782648746,1.512172254634269
5.277160782648746,1.5124544393151231
5.277160782648746,1.51273484167431
5.277160782648746,1.5130134831689401
5.277160782648746,1.5132903849552573
5.277160782648746,1.5135655678944244
5.277160782648746,1.5138390525581857
5.277160782648746,1.5141108592344088
5.277160782648746,1.5143810079325113
5.277160782648746,1.5146495183887734
5.277160782648746,1.5149164100715393
5.277160782648746,1.5151817021863137
5.277160782648746,1.5154454136807491
5.277160782648746,1.5157075632495367
5.277160782648746,1.515968169339193
5.277160782648746,1.5162272501527523
5.277160782648746,1.516484823654364
5.277160782648746,1.5167409075737988
5.277160782648746,1.516995519410865
5.277160782648746,1.5172486764397375
5.277160782648746,1.517500395713202
5.277160782648746,1.517750694066818
5.277160782648746,1.5179995881229984
5.277160782648746,1.5182470942950137
5.277160782648746,1.5184932287909183
5.277160782648746,1.5187380076174015
5.277160782648746,1.518981446583569
5.277160782648746,1.51922356130465
5.277160782648746,1.5194643672056398
5.277160782648746,1.5197038795248707
5.277160782648746,1.5199421133175222
5.277160782648746,1.5201790834590647
5.277160782648746,1.5204148046486425
5.277160782648746,1.5206492914123975
5.277160782648746,1.5208825581067313
5.277160782648746,1.5211146189215143
5.277160782648746,1.5213454878832362
5.277160782648746,1.5215751788581036
5.277160782648746,1.5218037055550848
5.277160782648746,1.5220310815289038
5.277160782648746,1.5222573201829843
5.277160782648746,1.5224824347723451
5.277160782648746,1.5227064384064481
5.277160782648746,1.5229293440520015
5.277160782648746,1.5231511645357179
5.277160782648746,1.5233719125470282
5.277160782648746,1.5235916006407562
5.277160782648746,1.5238102412397492
5.277160782648746,1.5240278466374708
5.277160782648746,1.5242444290005548
5.277160782648746,1.5244600003713218
5.277160782648746,1.5246745726702595
5.277160782648746,1.5248881576984679
5.277160782648746,1.5251007671400705
5.277160782648746,1.525312412564593
5.277160782648746,1.5255231054293086
5.277160782648746,1.5257328570815545
5.277160782648746,1.5259416787610172
5.277160782648746,1.5261495816019892
5.277160782648746,1.5263565766355982
5.277160782648746,1.5265626747920085
5.277160782648746,1.5267678869025978
5.277160782648746,1.5269722237021093
5.277160782648746,1.527175695830777
5.277160782648746,1.5273783138364316
5.277160782648746,1.5275800881765829
5.277160782648746,1.5277810292204792
5.277160782648746,1.5279811472511498
5.277160782648746,1.5281804524674258
5.277160782648746,1.5283789549859434
5.277160782648746,1.5285766648431292
5.277160782648746,1.5287735919971692
5.277160782648746,1.5289697463299627
5.277160782648746,1.5291651376490605
5.277160782648746,1.5293597756895891
5.277160782648746,1.529553670116163
5.287608799654322,1.5297468305247837
5.287608799654322,1.5299392664447287
5.287608799654322,1.5301309873404287
5.287608799654322,1.5303220026133373
5.287608799654322,1.5305123216037901
5.287608799654322,1.5307019535928585
5.287608799654322,1.5308909078041952
5.287608799654322,1.531079193405874
5.287608799654322,1.5312668195122272
5.287608799654322,1.531453795185675
5.287608799654322,1.5316401294385569
5.287608799654322,1.5318258312349564
5.287608799654322,1.5320109094925298
5.287608799654322,1.5321953730843305
5.287608799654322,1.5323792308406374
5.287608799654322,1.532562491550785
5.287608799654322,1.5327451639649945
5.287608799654322,1.5329272567962133
5.287608799654322,1.533108778721956
5.287608799654322,1.5332897383861535
5.287608799654322,1.53347014440101
5.287608799654322,1.5336500053488682
5.287608799654322,1.533829329784085
5.287608799654322,1.5340081262349177
5.287608799654322,1.5341864032054222
5.287608799654322,1.534364169177367
5.287608799654322,1.5345414326121605
5.287608799654322,1.534718201952794
5.287608799654322,1.5348944856258047
5.287608799654322,1.5350702920432555
5.287608799654322,1.5352456296047376
5.287608799654322,1.535420506699394
5.287608799654322,1.5355949317079665
5.287608799654322,1.5357689130048682
5.287608799654322,1.5359424589602848
5.287608799654322,1.5361155779423021
5.287608799654322,1.536288278319065
5.287608799654322,1.5364605684609693
5.287608799654322,1.5366324567428884
5.287608799654322,1.5368039515464338
5.287608799654322,1.536975061262257
5.287608799654322,1.5371457942923896
5.287608799654322,1.5373161590526283
5.287608799654322,1.5374861639749626
5.287608799654322,1.5376558175100516
5.287608799654322,1.537825128129751
5.287608799654322,1.5379941043296916
5.287608799654322,1.5381627546319137
5.287608799654322,1.5383310875875598
5.287608799654322,1.5384991117796285
5.287608799654322,1.538666835825793
5.287608799654322,1.5388342683812855
5.287608799654322,1.5390014181418554
5.287608799654322,1.539168293846799
5.287608799654322,1.5393349042820688
5.287608799654322,1.5395012582834655
5.287608799654322,1.539667364739914
5.287608799654322,1.5398332325968318
5.287608799654322,1.5399988708595915
5.298517312823061,1.540164288597082
5.298517312823061,1.5403294949453752
5.298517312823061,1.5404944991115013
5.298517312823061,1.5406593103773396
5.298517312823061,1.5408239381036306
5.298517312823061,1.5409883917341123
5.298517312823061,1.541152680799792
5.298517312823061,1.5413168149233563
5.298517312823061,1.5414808038237273
5.298517312823061,1.541644657320773
5.298517312823061,1.5418083853401792
5.298517312823061,1.541971997918491
5.298517312823061,1.5421355052083312
5.298517312823061,1.542298917483809
5.298517312823061,1.5424622451461212
5.298517312823061,1.5426254987293642
5.298517312823061,1.5427886889065605
5.298517312823061,1.5429518264959161
5.298517312823061,1.543114922467317
5.298517312823061,1.5432779879490808
5.298517312823061,1.5434410342349718
5.298517312823061,1.5436040727915004
5.298517312823061,1.5437671152655157
5.298517312823061,1.543930173492111
5.298517312823061,1.5440932595028563
5.298517312823061,1.5442563855343785
5.298517312823061,1.5444195640373064
5.298517312823061,1.5445828076855992
5.298517312823061,1.5447461293862845
5.298517312823061,1.5449095422896235
5.298517312823061,1.5450730597997315
5.298517312823061,1.5452366955856753
5.298517312823061,1.5454004635930803
5.298517312823061,1.5455643780562707
5.298517312823061,1.5457284535109794
5.298517312823061,1.5458927048076558
5.298517312823061,1.5460571471254108
5.298517312823061,1.5462217959866342
5.298517312823061,1.5463866672723272
5.309864413308432,1.5465517772381914
5.309864413308432,1.5467171425315205
5.309864413308432,1.5468827802089458
5.309864413308432,1.5470487077550867
5.309864413308432,1.5472149431021642
5.309864413308432,1.5473815046506365
5.309864413308432,1.5475484112909246
5.309864413308432,1.5477156824262943
5.309864413308432,1.5478833379969745
5.309864413308432,1.5480513985055877
5.309864413308432,1.5482198850439823
5.309864413308432,1.5483888193215607
5.309864413308432,1.548558223695202
5.309864413308432,1.548728121200889
5.309864413308432,1.5488985355871558
5.309864413308432,1.5490694913504832
5.309864413308432,1.549241013772776
5.309864413308432,1.5494131289610726
5.309864413308432,1.5495858638896418
5.309864413308432,1.5497592464446428
5.309864413308432,1.5499333054715303
5.309864413308432,1.5501080708254118
5.309864413308432,1.55028357342457
5.309864413308432,1.5504598453073897
5.309864413308432,1.5506369196929488
5.309864413308432,1.5508148310455472
5.309864413308432,1.5509936151434822
5.321629579302786,1.5511733091523972
5.321629579302786,1.5513539517035637
5.321629579302786,1.5515355829774882
5.321629579302786,1.5517182447932685
5.321629579302786,1.551901980704162
5.321629579302786,1.5520868360998774
5.321629579302786,1.552272858316134
5.321629579302786,1.5524600967520987
5.321629579302786,1.5526486029963527
5.321629579302786,1.5528384309621113
5.321629579302786,1.5530296370324794
5.321629579302786,1.5532222802166031
5.321629579302786,1.553416422317655
5.321629579302786,1.553612128113679
5.321629579302786,1.5538094655524204
5.321629579302786,1.55400850596136
5.321629579302786,1.5542093242743005
5.321629579302786,1.5544119992759602
5.333793566830209,1.554616613866175
5.333793566830209,1.5548232553454444
5.333793566830209,1.5550320157237147
5.333793566830209,1.5552429920544542
5.333793566830209,1.555456286796245
5.333793566830209,1.5556720082042956
5.333793566830209,1.55589027075446
5.333793566830209,1.556111195602526
5.333793566830209,1.5563349110817164
5.333793566830209,1.5565615532415007
5.333793566830209,1.5567912664309431
5.333793566830209,1.5570242039299078
5.346338310781813,1.5572605286314487
5.346338310781813,1.5575004137786377
5.346338310781813,1.5577440437588583
5.346338310781813,1.5579916149581685
5.346338310781813,1.5582433366776471
5.346338310781813,1.558499432112561
5.346338310781813,1.5587601393936217
5.346338310781813,1.5590257126873397
5.346338310781813,1.5592964233493218
5.359246835082731,1.5595725611199807
5.359246835082731,1.5598544353461548
5.359246835082731,1.5601423762040747
5.359246835082731,1.5604367358883051
5.359246835082731,1.560737889716952
5.359246835082731,1.561046237084538
5.372503171016342,1.5613622021692948
5.372503171016342,1.5616862342697462
5.372503171016342,1.5620188076047339
5.372503171016342,1.5623604203597097
5.372503171016342,1.5627115926986053
5.386092282848956,1.5630728633837896
5.386092282848956,1.563444784556789
5.386092282848956,1.5638279141321851
5.386092282848956,1.564222805153397
5.4,1.5646299913656334
5.4,1.565049968202275
5.4,1.565483168394492
5.414212955091157,1.565929931555818
5.414212955091157,1.5663904674375198
5.428718527284763,1.5668648131827554
5.428718527284763,1.5673527859063128
5.428718527284763,1.5678539333260044
5.443504790388732,1.5683674869006992
5.443504790388732,1.5688923237416925
5.458560465263821,1.569426944983527
5.458560465263821,1.5699694786490148
5.473874876120233,1.570517713606353
5.489437910335499,1.5710691675720592
5.489437910335499,1.571621186528172
5.505239981465034,1.572171066573735
5.505239981465034,1.5727161839942712
5.52127199515152,1.5732541170648775
5.537525317669944,1.573782744736613
5.537525317669944,1.5743003123762425
5.5539917468721836,1.5748054614033031
5.5539917468721836,1.5752972258995548
5.570663485319021,1.5757750035110287
5.587533115408756,1.576238509693981
5.587533115408756,1.5766877239464696
5.604593576330416,1.5771228349480513
5.604593576330416,1.577544189345626
5.621838142686438,1.5779522468758218
5.621838142686438,1.578347542908389
5.639260404644602,1.5787306584030605
5.639260404644602,1.5791021966324785
5.639260404644602,1.5794627657224714
5.656854249492381,1.5798129659833149
5.656854249492381,1.580153381058457
5.674613844478814,1.580484572034336
5.674613844478814,1.580807073794263
5.674613844478814,1.5811213930366048
5.692533620839691,1.5814280075006144
5.692533620839691,1.5817273660475994
5.692533620839691,1.582019889330241
5.710608258911391,1.5823059708505052
5.710608258911391,1.58258597825923
5.710608258911391,1.5828602547908168
5.72883267424733,1.5831291207569878
5.72883267424733,1.5833928750464166
5.72883267424733,1.5836517965939665
5.747202004658697,1.5839061457956989
5.747202004658697,1.5841561658548229
5.747202004658697,1.5844020840502389
5.747202004658697,1.584644112923908
5.76571159810809,1.5848824513864588
5.76571159810809,1.5851172857426117
5.76571159810809,1.5853487906394053
5.76571159810809,1.5855771299411001
5.76571159810809,1.5858024575351137
5.7843570013909265,1.586024918073575
5.7843570013909265,1.5862446476551175
5.7843570013909265,1.5864617744514344
5.7843570013909265,1.586676419282955
5.803133949545162,1.5868886961477662
5.803133949545162,1.5870987127076548
5.803133949545162,1.5873065707348788
5.803133949545162,1.5875123665230086
5.803133949545162,1.5877161912649138
5.822038355934932,1.5879181314007242
5.822038355934932,1.588118268938353
5.822038355934932,1.5883166817489454
5.822038355934932,1.5885134438394128
5.822038355934932,1.5887086256040177
5.822038355934932,1.5889022940568018
5.841066302958352,1.5890945130464849
5.841066302958352,1.589285343455319
5.841066302958352,1.5894748433832455
5.841066302958352,1.5896630683185842
5.841066302958352,1.5898500712963664
5.841066302958352,1.5900359030453337
5.860214033333896,1.5902206121245215
5.860214033333896,1.5904042450502744
5.860214033333896,1.5905868464144581
5.860214033333896,1.5907684589945692
5.860214033333896,1.5909491238563782
5.860214033333896,1.591128880449695
5.879477941923518,1.5913077666977804
5.879477941923518,1.591485819080898
5.879477941923518,1.5916630727144467
5.879477941923518,1.5918395614220822
5.879477941923518,1.5920153178042018
5.879477941923518,1.592190373302135
5.879477941923518,1.592364758258349
5.898854568054189,1.5925385019729634
5.898854568054189,1.5927116327568362
5.898854568054189,1.592884177981462
5.898854568054189,1.5930561641259098
5.898854568054189,1.5932276168210062
5.898854568054189,1.5933985608909516
5.898854568054189,1.5935690203925457
5.898854568054189,1.5937390186521874
5.918340588302513,1.5939085783007916
5.918340588302513,1.5940777213067678
5.918340588302513,1.5942464690071836
5.918340588302513,1.5944148421372335
5.918340588302513,1.5945828608581214
5.918340588302513,1.5947505447834591
5.918340588302513,1.594917913004274
5.918340588302513,1.5950849841127146
5.937932809710092,1.5952517762245324
5.937932809710092,1.59541830700042
5.937932809710092,1.5955845936662698
5.937932809710092,1.595750653032424
5.937932809710092,1.5959165015119734
5.937932809710092,1.5960821551381617
5.937932809710092,1.5962476295809502
5.937932809710092,1.596412940162791
5.937932809710092,1.596578101873652
5.957628163399705,1.5967431293853431
5.957628163399705,1.596908037065177
5.957628163399705,1.597072838989006
5.957628163399705,1.5972375489536699
5.957628163399705,1.597402180488885
5.957628163399705,1.5975667468686094
5.957628163399705,1.59773126112191
5.957628163399705,1.5978957360433592
5.957628163399705,1.5980601842029878
5.977423698564871,1.5982246179558177
5.977423698564871,1.5983890494509958
5.977423698564871,1.5985534906405499
5.977423698564871,1.5987179532877902
5.977423698564871,1.598882448975369
5.977423698564871,1.5990469891130228
5.977423698564871,1.599211584945007
5.977423698564871,1.5993762475572446
5.977423698564871,1.5995409878841984
5.977423698564871,1.5997058167154856
5.977423698564871,1.5998707447022444
5.997316576807412,1.6000357823632643
5.997316576807412,1.6002009400908976
5.997316576807412,1.6003662281567546
5.997316576807412,1.6005316567172012
5.997316576807412,1.6006972358186626
5.997316576807412,1.6008629754027461
5.997316576807412,1.6010288853111905
5.997316576807412,1.6011949752906511
5.997316576807412,1.601361254997327
5.997316576807412,1.6015277340014407
6.0173040667996185,1.6016944217915738
6.0173040667996185,1.6018613277788694
6.0173040667996185,1.602028461301104
6.0173040667996185,1.6021958316266391
6.0173040667996185,1.6023634479582534
6.0173040667996185,1.6025313194368656
6.0173040667996185,1.6026994551451512
6.0173040667996185,1.6028678641110585
6.0173040667996185,1.6030365553112278
6.0173040667996185,1.6032055376743193
6.0173040667996185,1.603374820084256
6.0173040667996185,1.603544411383381
6.037383539249433,1.6037143203755369
6.037383539249433,1.603884555829071
6.037383539249433,1.6040551264797682
6.037383539249433,1.6042260410337152
6.037383539249433,1.6043973081701022
6.037383539249433,1.6045689365439604
6.037383539249433,1.6047409347888433
6.037383539249433,1.6049133115194514
6.037383539249433,1.6050860753342044
6.037383539249433,1.6052592348177632
6.037383539249433,1.6054327985435048
6.037383539249433,1.6056067750759517
6.05755246214865,1.605781172973159
6.05755246214865,1.605956000789061
6.05755246214865,1.6061312670757804
6.05755246214865,1.6063069803859
6.05755246214865,1.6064831492747023
6.05755246214865,1.6066597823023745
6.05755246214865,1.6068368880361867
6.05755246214865,1.6070144750526394
6.05755246214865,1.6071925519395844
6.05755246214865,1.6073711272983233
6.05755246214865,1.60755020974568
6.05755246214865,1.607729807916053
6.05755246214865,1.6079099304634483
6.077808396285686,1.608090586063493
6.077808396285686,1.608271783415432
6.077808396285686,1.608453531244109
6.077808396285686,1.6086358383019341
6.077808396285686,1.6088187133708372
6.077808396285686,1.6090021652642115
6.077808396285686,1.6091862028288453
6.077808396285686,1.609370834946846
6.077808396285686,1.6095560705375556
6.077808396285686,1.609741918559459
6.077808396285686,1.6099283880120894
6.077808396285686,1.6101154879379254
6.077808396285686,1.6103032274242892
6.077808396285686,1.6104916156052405
6.098148991005783,1.6106806616634688
6.098148991005783,1.6108703748321875
6.098148991005783,1.6110607643970287
6.098148991005783,1.6112518396979394
6.098148991005783,1.6114436101310818
6.098148991005783,1.6116360851507379
6.098148991005783,1.6118292742712177
6.098148991005783,1.6120231870687765
6.098148991005783,1.6122178331835364
6.098148991005783,1.6124132223214187
6.098148991005783,1.6126093642560826
6.098148991005783,1.6128062688308769
6.098148991005783,1.6130039459608
6.098148991005783,1.6132024056344754
6.118571980202821,1.6134016579161352
6.118571980202821,1.6136017129476226
6.118571980202821,1.613802580950406
6.118571980202821,1.6140042722276104
6.118571980202821,1.6142067971660645
6.118571980202821,1.6144101662383665
6.118571980202821,1.6146143900049679
6.118571980202821,1.6148194791162769
6.118571980202821,1.6150254443147836
6.118571980202821,1.6152322964372041
6.118571980202821,1.61544004641665
6.118571980202821,1.61564870528482
6.118571980202821,1.6158582841742157
6.118571980202821,1.6160687943203833
6.118571980202821,1.6162802470641817
6.139075178528037,1.616492653854079
6.139075178528037,1.6167060262484756
6.139075178528037,1.6169203759180582
6.139075178528037,1.617135714648185
6.139075178528037,1.6173520543413007
6.139075178528037,1.6175694070193858
6.139075178528037,1.6177877848264393
6.139075178528037,1.6180072000309962
6.139075178528037,1.6182276650286818
6.139075178528037,1.6184491923448021
6.139075178528037,1.6186717946369735
6.139075178528037,1.6188954846977919
6.139075178528037,1.619120275457543
6.139075178528037,1.6193461799869533
6.139075178528037,1.619573211499987
6.139075178528037,1.6198013833566842
6.159656477802014,1.620030709066048
6.159656477802014,1.6202612022889764
6.159656477802014,1.6204928768412452
6.159656477802014,1.6207257466965386
6.159656477802014,1.6209598259895328
6.159656477802014,1.6211951290190312
6.159656477802014,1.621431670251155
6.159656477802014,1.62166946432259
6.159656477802014,1.6219085260438877
6.159656477802014,1.6221488704028302
6.159656477802014,1.6223905125678513
6.159656477802014,1.6226334678915217
6.159656477802014,1.6228777519141
6.159656477802014,1.623123380367144
6.159656477802014,1.6233703691771963
6.159656477802014,1.6236187344695332
6.180313843617286,1.6238684925719882
6.180313843617286,1.6241196600188474
6.180313843617286,1.6243722535548202
6.180313843617286,1.6246262901390864
6.180313843617286,1.6248817869494232
6.180313843617286,1.6251387613864132
6.180313843617286,1.6253972310777347
6.180313843617286,1.6256572138825396
6.180313843617286,1.625918727895917
6.180313843617286,1.6261817914534502
6.180313843617286,1.6264464231358606
6.180313843617286,1.6267126417737545
6.180313843617286,1.626980466452461
6.180313843617286,1.6272499165169738
6.180313843617286,1.6275210115769947
6.180313843617286,1.627793771512083
6.180313843617286,1.6280682164769147
6.201045312119802,1.6283443669066506
6.201045312119802,1.6286222435224231
6.201045312119802,1.6289018673369358
6.201045312119802,1.6291832596601878
6.201045312119802,1.6294664421053209
6.201045312119802,1.6297514365945935
6.201045312119802,1.6300382653654875
6.201045312119802,1.6303269509769467
6.201045312119802,1.6306175163157575
6.201045312119802,1.6309099846030675
6.201045312119802,1.6312043794010531
6.201045312119802,1.631500724619737
6.201045312119802,1.631799044523957
6.201045312119802,1.6320993637404964
6.201045312119802,1.6324017072653758
6.201045312119802,1.6327061004713135
6.201045312119802,1.633012569115355
6.221848986958278,1.6333211393466829
6.221848986958278,1.6336318377146073
6.221848986958278,1.6339446911767417
6.221848986958278,1.634259727107375
6.221848986958278,1.6345769733060362
6.221848986958278,1.6348964580062668
6.221848986958278,1.635218209884601
6.221848986958278,1.6355422580697596
6.221848986958278,1.635868632152068
6.221848986958278,1.6361973621930999
6.221848986958278,1.6365284787355563
6.221848986958278,1.6368620128133866
6.221848986958278,1.6371979959621552
6.221848986958278,1.6375364602296674
6.221848986958278,1.6378774381868546
6.221848986958278,1.638220962938934
6.221848986958278,1.638567068136844
6.221848986958278,1.6389157879889693
6.2427230363913235,1.6392671572731592
6.2427230363913235,1.6396212113490534
6.2427230363913235,1.639977986170718
6.2427230363913235,1.6403375182996087
6.2427230363913235,1.6406998449178645
6.2427230363913235,1.641065003841944
6.2427230363913235,1.641433033536618
6.2427230363913235,1.6418039731293244
6.2427230363913235,1.6421778624248993
6.2427230363913235,1.642554741920696
6.2427230363913235,1.6429346528221032
6.2427230363913235,1.643317637058475
6.2427230363913235,1.6437037372994845
6.2427230363913235,1.6440929969719187
6.2427230363913235,1.644485460276921
6.2427230363913235,1.6448811722077044
6.2427230363913235,1.6452801785677416
6.2427230363913235,1.6456825259894554
6.2636656905427905,1.6460882619534196
6.2636656905427905,1.6464974348080885
6.2636656905427905,1.646910093790075
6.2636656905427905,1.6473262890449896
6.2636656905427905,1.647746071648864
6.2636656905427905,1.6481694936301763
6.2636656905427905,1.6485966079924956
6.2636656905427905,1.6490274687377717
6.2636656905427905,1.6494621308902853
6.2636656905427905,1.6499006505212852
6.2636656905427905,1.6503430847743354
6.2636656905427905,1.6507894918913915
6.2636656905427905,1.6512399312396382
6.2636656905427905,1.6516944633391073
6.2636656905427905,1.6521531498911084
6.2636656905427905,1.6526160538074937
6.2636656905427905,1.6530832392407948
6.2636656905427905,1.6535547716152528
6.2636656905427905,1.6540307176587774
6.284675238796581,1.6545111454358687
6.284675238796581,1.6549961243815319
6.284675238796581,1.6554857253362227
6.284675238796581,1.6559800205818607
6.284675238796581,1.6564790838789456
6.284675238796581,1.6569829905048186
6.284675238796581,1.6574918172931117
6.284675238796581,1.6580056426744223
6.284675238796581,1.6585245467182668
6.284675238796581,1.6590486111763485
6.284675238796581,1.6595779195272018
6.284675238796581,1.6601125570222501
6.284675238796581,1.6606526107333395
6.284675238796581,1.6611981696018028
6.284675238796581,1.6617493244891042
6.284675238796581,1.6623061682291334
6.284675238796581,1.6628687956822064
6.284675238796581,1.6634373037908396
6.284675238796581,1.6640117916373662
6.284675238796581,1.664592360503466
6.305750027322654,1.6651791139316792
6.305750027322654,1.6657721577889886
6.305750027322654,1.666371600332547
6.305750027322654,1.6669775522776313
6.305750027322654,1.6675901268679236
6.305750027322654,1.668209439948193
6.305750027322654,1.668835610039498
6.305750027322654,1.6694687584169878
6.305750027322654,1.6701090091904278
6.305750027322654,1.6707564893875457
6.305750027322654,1.6714113290403247
6.305750027322654,1.672073661274357
6.305750027322654,1.6727436224013907
6.305750027322654,1.6734213520152033
6.305750027322654,1.674106993090935
6.305750027322654,1.6748006920880352
6.305750027322654,1.675502599056975
6.305750027322654,1.6762128677498807
6.305750027322654,1.6769316557352654
6.326888456726548,1.6776591245170274
6.326888456726548,1.6783954396579102
6.326888456726548,1.6791407709076087
6.326888456726548,1.6798952923357384
6.326888456726548,1.6806591824698727
6.326888456726548,1.681432624438878
6.326888456726548,1.6822158061217907
6.326888456726548,1.6830089203024698
6.326888456726548,1.683812164830308
6.326888456726548,1.6846257427872626
6.326888456726548,1.6854498626615046
6.326888456726548,1.6862847385279869
6.326888456726548,1.6871305902362597
6.326888456726548,1.6879876436058707
6.326888456726548,1.6888561306297067
6.326888456726548,1.6897362896856496
6.326888456726548,1.6906283657569574
6.326888456726548,1.6915326106617763
6.326888456726548,1.692449283292231
6.326888456726548,1.6933786498635621
6.3480889798152775,1.6943209841738014
6.3480889798152775,1.6952765678745059
6.3480889798152775,1.6962456907530996
6.3480889798152775,1.6972286510274102
6.3480889798152775,1.6982257556530016
6.3480889798152775,1.6992373206439735
6.3480889798152775,1.7002636714078916
6.3480889798152775,1.7013051430955957
6.3480889798152775,1.7023620809666467
6.3480889798152775,1.7034348407712308
6.3480889798152775,1.7045237891493872
6.3480889798152775,1.7056293040484733
6.3480889798152775,1.7067517751598422
6.3480889798152775,1.7078916043757717
6.3480889798152775,1.7090492062677152
6.3480889798152775,1.7102250085870738
6.3480889798152775,1.7114194527896907
6.3480889798152775,1.7126329945853977
6.3480889798152775,1.7138661045140133
6.3480889798152775,1.7151192685492576
6.3480889798152775,1.7163929887321805
6.36935009947288,1.7176877838357836
6.36935009947288,1.7190041900626105
6.36935009947288,1.7203427617772258
6.36935009947288,1.7217040722756245
6.36935009947288,1.7230887145937175
6.36935009947288,1.7244973023572223
6.36935009947288,1.725930470675433
6.36935009947288,1.7273888770814945
6.36935009947288,1.7288732025220175
6.36935009947288,1.7303841523990207
6.36935009947288,1.7319224576674561
6.36935009947288,1.733488875991756
6.36935009947288,1.7350841929650724
6.36935009947288,1.7367092233952115
6.36935009947288,1.738364812661457
6.36935009947288,1.740051838146873
6.36935009947288,1.7417712107509387
6.36935009947288,1.7435238764877645
6.36935009947288,1.7453108181755155
6.36935009947288,1.747133057223118
6.390670366639382,1.7489916555206915
6.390670366639382,1.7508877174407884
6.390670366639382,1.752822391957913
6.390670366639382,1.7547968748944618
6.390670366639382,1.7568124113018546
6.390670366639382,1.7588702979862623
6.390670366639382,1.7609718861891346
6.390670366639382,1.7631185844335235
6.390670366639382,1.765311861548108
6.390670366639382,1.7675532498817104
6.390670366639382,1.7698443487222815
6.390670366639382,1.7721868279353346
6.390670366639382,1.7745824318381918
6.390670366639382,1.7770329833276262
6.390670366639382,1.7795403882801564
6.390670366639382,1.782106640245712
6.390670366639382,1.7847338254572946
6.390670366639382,1.7874241281811516
6.390670366639382,1.7901798364341643
6.390670366639382,1.793003348097474
6.390670366639382,1.795897177457964
6.412048378387336,1.7988639622120053
6.412048378387336,1.801906470969099
6.412048378387336,1.8050276112962467
6.412048378387336,1.8082304383478518
6.412048378387336,1.8115181641299745
6.412048378387336,1.814894167452222
6.412048378387336,1.8183620046257478
6.412048378387336,1.8219254209711027
6.412048378387336,1.8255883632059278
6.412048378387336,1.8293549927889692
6.412048378387336,1.8332297003044264
6.412048378387336,1.837217120978513
6.412048378387336,1.841322151429304
6.412048378387336,1.8455499677604408
6.412048378387336,1.8499060451203746
6.412048378387336,1.8543961788606063
6.412048378387336,1.8590265074395131
6.412048378387336,1.8638035372327135
6.412048378387336,1.86873416942696
6.412048378387336,1.873825729191744
6.412048378387336,1.8790859973419773
6.43348277609042,1.8845232447257894
6.43348277609042,1.8901462695946005
6.43348277609042,1.8959644382368197
6.43348277609042,1.9019877291837637
6.43348277609042,1.9082267813251874
6.43348277609042,1.9146929463023623
6.43348277609042,1.9213983455805654
6.43348277609042,1.9283559326362085
6.43348277609042,1.935579560731385
6.43348277609042,1.9430840567842298
6.43348277609042,1.9508853018813674
6.43348277609042,1.9590003190136573
6.43348277609042,1.9674473686491316
6.43348277609042,1.976246052784193
6.43348277609042,1.9854174281318775
6.43348277609042,1.9949841291110937
6.43348277609042,2.0049705012861065
6.43348277609042,2.0154027458632187
6.43348277609042,2.0263090757724007
6.43348277609042,2.0377198837288972
6.43348277609042,2.049667922468736
6.43348277609042,2.0621884970568067
6.43348277609042,2.075319668747702
6.454972243679028,2.0891024692980382
6.454972243679028,2.10358112383902
6.454972243679028,2.1188032793526945
6.454972243679028,2.134820234384762
6.454972243679028,2.151687163774499
6.454972243679028,2.169463329778348
6.454972243679028,2.1882122678836944
6.454972243679028,2.208001931696194
6.454972243679028,2.2289047764090655
6.454972243679028,2.250997754352786
6.454972243679028,2.274362188889345
6.454972243679028,2.2990834844198536
6.454972243679028,2.3252506206189367
6.454972243679028,2.3529553685766205
6.454972243679028,2.38229115605299
6.454972243679028,2.4133514998526047
6.454972243679028,2.4462279174971284
6.454972243679028,2.4810072309841953
6.454972243679028,2.5177681866542696
6.454972243679028,2.5565773422574085
6.454972243679028,2.5974842210378633
6.454972243679028,2.640515808319747
6.454972243679028,2.6856705715695153
6.454972243679028,2.7329123179121413
6.454972243679028,2.7821643526667703
6.454972243679028,2.833304546448411
6.454972243679028,2.886162022493416
6.454972243679028,2.9405161979400996
6.454972243679028,2.9960988123866157
6.454972243679028,3.052599331127808
6.454972243679028,3.1096737292135033
6.454972243679028,3.116229107607385
