1e-8,3.61,3.99,4.03,4.05
0.031408178789735744,3.61,3.99,4.03,4.05
0.06276996264111326,3.61,3.99,4.03,4.05
0.0940394119174596,3.61,3.99,4.03,4.04
0.12517148653925905,3.61,3.99,4.03,4.04
0.15612246864398746,3.61,3.94,3.95,3.99,4.03,4.04
0.1868503540596233,3.61,3.94,3.95,3.96,3.97,3.99
0.21731520435324456,3.61,3.93,3.95,3.96,3.97,3.98
0.247479452869589,3.61,3.93
0.2773081600206285,3.62,3.93
0.3067692150116393,3.63,3.93
0.3358334830820436,3.63,3.92
0.36447489910262515,3.64,3.91
0.3926705099264782,3.65,3.91
0.4204004691830673,3.65,3.91
0.44764798920170334,3.65,3.88,3.89,3.9
0.47439925544305556,3.67,3.87
0.500643309215964,3.68,3.87
0.5263719045876852,3.69,3.84,3.85,3.87
0.5515793452959945,3.71,3.84
0.5762623071844433,3.72,3.84
0.6004196512529919,3.74,3.82
0.6240522318892173,3.75,3.8
0.6471627042606433,3.76,3.8
0.6697553342412321,3.77,3.8