1.673132821417044,4.08
1.6768091242483953,3.41,3.44,3.45,3.47,3.49,3.57,3.64,4.15,4.28,4.3
1.6805539369200864,3.26,4.2,4.23,4.38,4.39,4.42,4.43,4.44
1.6843709856428681,3.07,3.08,3.19,3.2,3.22,4.48,4.52,4.56
1.6882642060955093,3.06,4.59
1.692237760129074,2.93,2.96,3.02,4.69
1.6962960539869367,2.9,4.76
1.7004437582052718,2.77,2.79,2.81,2.82,2.85,4.81,4.82,4.88
1.7046858293789586,2.69,2.72,2.73,4.91
1.7090275340008296,2.65,2.66,2.67,5.05
1.7134744746083963,2.63,5.07,5.1,5.11
1.7180326185020856,2.59,5.17
1.7227083293332124,2.5,2.51,2.53,2.55,2.56,5.27
1.7275084018990492,2.31,2.32,2.46,5.31,5.32,5.34
1.7324401005272243,2.25,2.33,2.38,5.38
1.7375112014832037,2.21,2.35,2.37,5.42
1.7427300398938625,2.17,5.51,5.52,5.53
1.7481055617483896,2.11,5.6
1.7536473816164568,2.09,5.63,5.65,5.66
1.7593658468144904,2.01,5.75
1.7652721088559795,1.99,5.78
1.7713782031434995,1.92,5.84
1.7776971380012496,1.89,5.93
1.784242994310717,1.83,5.98
1.79103103720239,1.81,6.06
1.798077841477733,1.75,6.12
1.8054014326930456,1.72,6.19
1.8130214461364178,1.67,6.25
1.8209593062775458,1.6,6.32
1.8292384296755704,1.58,6.4
1.8378844548010225,1.56,6.43,6.48,6.5
1.8469255027740261,1.5,6.53
1.8563924736523107,1.46,6.56,6.6,6.66
1.8663193836296488,1.42,6.69
1.8767437493376735,1.38,6.74
1.887707026389054,1.36,6.79
1.8992551103604212,1.3,6.86
1.9114389095834916,1.27,6.94
1.924315000372015,1.23,1.24,1.25,7.04
1.9379463766157228,1.2,7.16
1.952403306936727,1.16,7.18
1.967764313683775,1.13,7.2,7.33,7.34
1.9841172886951515,1.08,1.09,1.1,7.36
2.001560760605811,1.05,7.38,7.47,7.49
2.0202053269014275,1.03,7.51
2.0401752599937097,1.01,7.53,7.57,7.62
2.0616102888813304,0.95,7.64
2.0846675443332177,0.92,7.74
2.109523632841894,0.86,7.76,7.78,7.84
2.136376768311199,0.85,7.87,7.91,7.93
2.1654488342091844,0.83,7.96
2.196987164163712,0.8,8.04
2.2312657048356725,0.77,8.14
2.268585048972369,0.74,8.16,8.17,8.23
2.3092705875982817,0.72,8.25,8.27,8.3
2.3536677248190268,0.69,8.32,8.37,8.38
2.4021327440430094,0.66,8.41
2.455017571864459,0.63,0.64,0.65,8.48
2.5126464949418548,0.62,8.5,8.51,8.57
2.575283102113553,0.59,8.59,8.61,8.64
2.643086736459092,0.59,8.66
2.7160599990275363,0.58,8.67,8.68,8.72
2.7939926107988473,0.57,8.74
2.8764118140761363,0.57,8.75,8.77,8.8
2.962553873903746,0.56,8.81
3.1413722470309848,0.56,8.81
