1.9087230560889374,3.77
1.9192448323140092,3.42,3.43,3.49,3.56,3.66,3.89,3.9,3.91,3.92,4.03,4.04,4.06,4.08,4.14
1.9299269432146182,3.29,3.3,3.31,3.32,3.33,3.35,3.39,4.16,4.27,4.31
1.9407759812228984,3.25,4.42,4.43,4.45
1.9517987565226549,3.07,3.08,3.19,3.2,3.22,4.48,4.52,4.56
1.963002304457929,3.06,4.59
1.9743938927857276,2.94,2.95,3.04,4.67
1.9859810287003123,2.92,4.7,4.71,4.74
1.9977714655443641,2.9,4.79,4.86,4.87
2.0097732091087424,2.77,2.79,2.81,2.82,2.85,4.88
2.021994523407251,2.69,2.7,2.74,4.91
2.0344439357957027,2.67,2.68,2.69,4.95,5.02,5.04
2.0471302412854535,2.64,5.06
2.06006250588032,2.62,5.08,5.09,5.12
2.0732500687422895,2.59,5.2
2.0867025429655097,2.56,5.24,5.25,5.27
2.1004298147096923,2.47,2.48,2.49,5.28,5.29,5.3
2.1144420404131714,2.29,2.32,2.45,5.35
2.1287496417724885,2.25,2.33,2.38,5.39
2.143363298139599,2.21,2.34,2.37,5.42
2.1582939359498194,2.18,5.49,5.5,5.51
2.173552714753815,2.15,5.53,5.54,5.55
2.1891510093857023,2.11,5.61
2.2051003877575077,2.09,5.63,5.65,5.66
2.2214125837286427,2.02,5.7
2.2380994644590513,2.0,5.75
2.25517299161785,1.99,5.78
2.272645175787611,1.95,5.81
2.290528023380451,1.91,5.87,5.88,5.9
2.308833475368758,1.89,5.93
2.327573337134268,1.85,5.95,5.96,5.97
2.3467591987584515,1.83,5.99,6.0,6.01
2.36640234511941,1.81,6.03,6.04,6.06
2.386513655231066,1.77,6.09
2.4071034903648636,1.75,6.14
2.4281815706385332,1.72,6.19
2.4497568399465686,1.7,6.22
2.471837319348561,1.67,6.25
2.4944299493291506,1.66,6.26
2.5175404217005757,1.6,6.32
2.5411730023368024,1.59,6.34,6.39,6.4
2.5653303464053514,1.58,6.41
2.5900133082937997,1.57,6.42
2.615220749002108,1.56,6.43,6.47,6.5
2.640949344373829,1.54,6.44,6.45,6.51
2.6671933981467384,1.5,6.52
2.6939446643880904,1.48,6.54,6.63,6.64
2.7211921844067257,1.48,6.55,6.62,6.65
2.748922143663317,1.46,6.56,6.6,6.66
2.7771177544871666,1.45,6.58,6.59,6.67
2.80575917050775,1.44,6.68
2.834823438578154,1.42,6.69
2.8642844935691674,1.42,6.7
2.8941132007202035,1.41,6.72
2.9242774492365498,1.41,6.73
2.9547422995301686,1.4,6.73
2.9854701849458056,1.38,6.74
3.016421167050534,1.38,6.75
3.0475532416723334,1.38,6.75
3.078822690948687,1.37,6.76
3.1411844748000573,1.37,6.76
