b,alpha
0.535,0.057236124236148773
0.535,0.1140999869681894
0.535,0.170233848287881
0.535,0.22530725872420607
0.535,0.27902755655794664
0.56,0.3311471793697916
0.56,0.3814675434969671
0.585,0.42983968095295133
0.585,0.47616214867394535
0.61,0.5203769051180346
0.61,0.5624638910941112
0.635,0.6024349877951788
0.66,0.6403278983036151
0.66,0.676200348841536
0.685,0.7101248617795993
0.71,0.7421842308731206
0.71,0.7724677370346349
0.76,0.8010680797886572
0.76,0.8280789611738949
0.81,0.8535932394951236
0.81,0.8777015644141237
0.86,0.9004914075507134
0.86,0.9220464104176197
0.91,0.942445981474662
0.91,0.9617650846766685
0.935,0.980074172037444
0.96,0.9974392219031007
0.985,1.0139218525648228
1.035,1.0295794875251962
1.035,1.044465554218119
1.06,1.058629702415511
1.085,1.0721180320757644
1.085,1.084973323154014
1.16,1.0972352620377142
1.185,1.1089406609143213
1.21,1.120123667626702
1.235,1.130815964503578
1.26,1.1410469553459137
1.285,1.15084394025211
1.31,1.1602322783251793
1.335,1.169235538554755
1.36,1.1778756393359826
1.385,1.1861729771926701
1.41,1.194146545335621
1.46,1.2018140427135418
1.485,1.2091919742212651
1.485,1.2162957427167986
1.535,1.2231397334773684
1.56,1.229737391694497
1.585,1.236101293573766
1.635,1.242243211569053
1.66,1.248174174243714
1.66,1.2539045212145636
1.71,1.259443953599097
1.735,1.26480158035237
1.76,1.269985960847647
1.785,1.275005144025303
1.81,1.2798667044060767
1.86,1.2845777752391738
1.86,1.2891450790318144
1.96,1.2935749556847338
1.96,1.2978733884385725
1.96,1.3020460278172505
1.96,1.306098213738096
1.96,1.3100349959431563
2.11,1.313861152892318
2.11,1.3175812092462587
2.11,1.3211994520558805
2.16,1.32471994576451
2.185,1.328146546119676
2.21,1.33148291308279
2.235,1.3347325228173645
2.26,1.3378986788291423
2.285,1.3409845223254666
2.31,1.3439930418551025
2.31,1.3469270822846318
2.435,1.349789353162736
2.435,1.3525824365193146
2.435,1.3553087941424051
2.485,1.3579707743723537
2.51,1.3605706184493205
2.51,1.3631104664473204
2.56,1.3655923628252011
2.585,1.368018261622523
2.61,1.3703900313260982
2.66,1.3727094594307443
2.66,1.3749782567161446
2.735,1.3771980612597388
2.735,1.3793704422042186
2.735,1.381496903296643
2.835,1.383578886214886
2.835,1.385617773695971
2.86,1.3876148924796905
2.91,1.3895715160799438
2.91,1.3914888673952583
2.935,1.393368121169134
2.985,1.395210406310042
2.985,1.3970168080802337
3.06,1.398788370161791
3.085,1.4005260966077877
3.11,1.4022309536858688
3.16,1.4039038716209906
3.16,1.4055457462436551
3.16,1.4071574405494722
3.235,1.408739786175515
3.235,1.4102935847985463
3.285,1.4118196094598314
3.31,1.4133186058209768
3.36,1.4147912933548659
3.385,1.416238366475575
3.435,1.4176604956108125
3.435,1.4190583282202622
3.485,1.4204324897629337
3.51,1.4217835846164615
3.51,1.423112196951084
3.585,1.424418891560869
3.585,1.4257042146545742
3.66,1.426968694608409
3.66,1.4282128426827845
3.66,1.4294371537050468
3.735,1.4306421067200412
3.735,1.4318281656102314
3.785,1.4329957796870496
3.81,1.4341453842549639
3.81,1.4352774011497487
3.885,1.4363922392522883
3.885,1.4374902949792059
3.885,1.4385719527515155
4.01,1.4396375854424257
4.01,1.4406875548053717
4.035,1.4417222118832675
4.085,1.4427418973999346
4.085,1.4437469421345996
4.16,1.4447376672802994
4.16,1.4457143847869958
4.21,1.4466773976901488
4.21,1.4476270004254492
4.26,1.4485634791304018
4.285,1.4494871119333685
4.31,1.4503981692306955
4.36,1.451296913952465
4.36,1.4521836018174372
4.435,1.4530584815776637
4.435,1.4539217952532766
4.485,1.4547737783578878
4.51,1.4556146601150495
4.56,1.4564446636661728
4.56,1.4572640062702984
4.585,1.4580728994960854
4.635,1.4588715494063698
4.66,1.4596601567356247
4.71,1.4604389170606307
4.735,1.4612080209646705
4.76,1.461967654195513
4.785,1.4627179978174731
4.81,1.4634592283577992
4.86,1.4641915179476246
4.86,1.4649150344577313
4.935,1.4656299416293292
4.935,1.4663363992000813
5.01,1.4670345630255541
5.01,1.4677245851963017
5.06,1.4684066141507555
5.06,1.4690807947840983
5.135,1.469747268553281
5.135,1.4704061735783516
5.21,1.4710576447402302
5.21,1.4717018137750906
5.235,1.4723388093654726
5.285,1.4729687572282606
5.31,1.4735917801996532
5.335,1.4742079983172443
5.385,1.4748175288993222
5.41,1.4754204866215075
5.435,1.476016983590819
5.485,1.4766071294172822
5.51,1.477191031283162
5.535,1.4777687940099193
5.585,1.4783405201229727
5.61,1.4789063099143527
5.635,1.479466261503326
5.685,1.4800204708950646
5.71,1.4805690320374343
5.735,1.4811120368759736
5.785,1.4816495754071286
5.81,1.4821817357298033
5.835,1.4827086040952981
5.885,1.4832302649556843
5.91,1.483746801010674
5.935,1.4842582932530457
5.985,1.484764821012668
6.01,1.4852664619991782
6.035,1.4857632923433601
6.085,1.4862553866372692
6.11,1.4867428179731477
6.135,1.4872256579811693
6.185,1.4877039768660647
6.21,1.4881778434426494
6.235,1.4886473251703085
6.285,1.489112488186465
6.31,1.489573397339068
6.335,1.490030116218133
6.385,1.4904827071863733
6.41,1.4909312314089402
6.46,1.491375748882316
6.485,1.4918163184623767
6.51,1.49225299789166
6.56,1.492685843825859
6.585,1.4931149118595708
6.61,1.493540256551323
6.66,1.4939619314479022
6.685,1.494379989108006
6.735,1.494794481125242
6.76,1.4952054581504926
6.785,1.4956129699136684
6.835,1.4960170652448694
6.86,1.496417792094969
6.91,1.4968151975556454
6.935,1.4972093278788716
6.96,1.4976002284958858
7.01,1.497987944035655
7.035,1.4983725183428498
7.085,1.4987539944953439
7.11,1.4991324148212546
7.135,1.4995078209155361
7.185,1.4998802536561429
7.21,1.500249753219771
7.26,1.5006163590971964
7.285,1.5009801101082154
7.31,1.501341044416208
7.36,1.5016991995423241
7.385,1.502054612379316
7.435,1.5024073192050182
7.46,1.5027573556954894
7.51,1.5031047569378266
7.535,1.5034495574426592
7.56,1.5037917911563337
7.61,1.5041314914727975
7.635,1.5044686912451914
7.685,1.504803422797158
7.71,1.5051357179338751
7.76,1.5054656079528208
7.785,1.50579312365428
7.835,1.5061182953515984
7.86,1.5064411528811894
7.91,1.506761725612306
7.935,1.5070800424565782
7.985,1.5073961318773272
8.01,1.5077100218986594
8.035,1.5080217401143492
8.085,1.5083313136965142
8.11,1.5086387694040897
8.16,1.5089441335911078
8.185,1.5092474322147862
8.235,1.5095486908434321
8.26,1.5098479346641673
8.31,1.510145188490478
8.335,1.5104404767695925
8.385,1.510733823589697
8.41,1.511025252686988
8.46,1.511314787452569
8.485,1.5116024509391934
8.535,1.511888265867861
8.56,1.512172254634269
8.61,1.5124544393151231
8.66,1.51273484167431
8.685,1.5130134831689401
8.735,1.5132903849552573
8.76,1.5135655678944244
8.81,1.5138390525581857
8.835,1.5141108592344088
8.885,1.5143810079325113
8.91,1.5146495183887734
8.96,1.5149164100715393
8.985,1.5151817021863137
9.035,1.5154454136807491
9.085,1.5157075632495367
9.11,1.515968169339193
9.16,1.5162272501527523
9.185,1.516484823654364
9.235,1.5167409075737988
9.26,1.516995519410865
9.31,1.5172486764397375
9.36,1.517500395713202
9.385,1.517750694066818
9.435,1.5179995881229984
9.46,1.5182470942950137
9.51,1.5184932287909183
9.56,1.5187380076174015
9.585,1.518981446583569
9.635,1.51922356130465
9.66,1.5194643672056398
9.71,1.5197038795248707
9.76,1.5199421133175222
9.785,1.5201790834590647
9.835,1.5204148046486425
9.885,1.5206492914123975
9.91,1.5208825581067313
9.96,1.5211146189215143
10.01,1.5213454878832362
10.035,1.5215751788581036
10.085,1.5218037055550848
10.135,1.5220310815289038
10.16,1.5222573201829843
10.21,1.5224824347723451
10.26,1.5227064384064481
10.285,1.5229293440520015
10.335,1.5231511645357179
10.385,1.5233719125470282
10.41,1.5235916006407562
10.46,1.5238102412397492
10.51,1.5240278466374708
10.56,1.5242444290005548
10.585,1.5244600003713218
10.635,1.5246745726702595
10.685,1.5248881576984679
10.71,1.5251007671400705
10.76,1.525312412564593
10.81,1.5255231054293086
10.86,1.5257328570815545
10.885,1.5259416787610172
10.935,1.5261495816019892
10.985,1.5263565766355982
11.035,1.5265626747920085
11.085,1.5267678869025978
11.11,1.5269722237021093
11.16,1.527175695830777
11.21,1.5273783138364316
11.26,1.5275800881765829
11.31,1.5277810292204792
11.335,1.5279811472511498
11.385,1.5281804524674258
11.435,1.5283789549859434
11.485,1.5285766648431292
11.535,1.5287735919971692
11.56,1.5289697463299627
11.61,1.5291651376490605
11.66,1.5293597756895891
11.71,1.529553670116163
11.76,1.5297468305247837
11.81,1.5299392664447287
11.86,1.5301309873404287
11.91,1.5303220026133373
11.935,1.5305123216037901
11.985,1.5307019535928585
12.035,1.5308909078041952
12.085,1.531079193405874
12.135,1.5312668195122272
12.185,1.531453795185675
12.235,1.5316401294385569
12.285,1.5318258312349564
12.335,1.5320109094925298
12.385,1.5321953730843305
12.435,1.5323792308406374
12.485,1.532562491550785
12.535,1.5327451639649945
12.585,1.5329272567962133
12.635,1.533108778721956
12.685,1.5332897383861535
12.735,1.53347014440101
12.785,1.5336500053488682
12.835,1.533829329784085
12.885,1.5340081262349177
12.935,1.5341864032054222
12.985,1.534364169177367
13.035,1.5345414326121605
13.085,1.534718201952794
13.135,1.5348944856258047
13.185,1.5350702920432555
13.26,1.5352456296047376
13.31,1.535420506699394
13.36,1.5355949317079665
13.41,1.5357689130048682
13.46,1.5359424589602848
13.51,1.5361155779423021
13.56,1.536288278319065
13.635,1.5364605684609693
13.685,1.5366324567428884
13.735,1.5368039515464338
13.785,1.536975061262257
13.835,1.5371457942923896
13.91,1.5373161590526283
13.96,1.5374861639749626
14.01,1.5376558175100516
14.06,1.537825128129751
14.135,1.5379941043296916
14.185,1.5381627546319137
14.235,1.5383310875875598
14.285,1.5384991117796285
14.36,1.538666835825793
14.41,1.5388342683812855
14.46,1.5390014181418554
14.535,1.539168293846799
14.585,1.5393349042820688
14.66,1.5395012582834655
14.71,1.539667364739914
14.76,1.5398332325968318
14.835,1.5399988708595915
14.885,1.540164288597082
14.96,1.5403294949453752
15.01,1.5404944991115013
15.085,1.5406593103773396
15.135,1.5408239381036306
15.21,1.5409883917341123
15.26,1.541152680799792
15.335,1.5413168149233563
15.385,1.5414808038237273
15.46,1.541644657320773
15.51,1.5418083853401792
15.585,1.541971997918491
15.635,1.5421355052083312
15.71,1.542298917483809
15.785,1.5424622451461212
15.835,1.5426254987293642
15.91,1.5427886889065605
15.985,1.5429518264959161
16.035,1.543114922467317
16.11,1.5432779879490808
16.185,1.5434410342349718
16.26,1.5436040727915004
16.335,1.5437671152655157
16.385,1.543930173492111
16.46,1.5440932595028563
16.535,1.5442563855343785
16.61,1.5444195640373064
16.685,1.5445828076855992
16.76,1.5447461293862845
16.835,1.5449095422896235
16.91,1.5450730597997315
16.985,1.5452366955856753
17.06,1.5454004635930803
17.135,1.5455643780562707
17.21,1.5457284535109794
17.285,1.5458927048076558
17.36,1.5460571471254108
17.435,1.5462217959866342
17.51,1.5463866672723272
17.585,1.5465517772381914
17.66,1.5467171425315205
17.76,1.5468827802089458
17.835,1.5470487077550867
17.91,1.5472149431021642
17.985,1.5473815046506365
18.085,1.5475484112909246
18.16,1.5477156824262943
18.26,1.5478833379969745
18.335,1.5480513985055877
18.41,1.5482198850439823
18.51,1.5483888193215607
18.61,1.548558223695202
18.685,1.548728121200889
18.785,1.5488985355871558
18.86,1.5490694913504832
18.96,1.549241013772776
19.06,1.5494131289610726
19.135,1.5495858638896418
19.235,1.5497592464446428
19.335,1.5499333054715303
19.435,1.5501080708254118
19.535,1.55028357342457
19.635,1.5504598453073897
19.735,1.5506369196929488
19.835,1.5508148310455472
19.935,1.5509936151434822
20.035,1.5511733091523972
20.135,1.5513539517035637
20.235,1.5515355829774882
20.36,1.5517182447932685
20.46,1.551901980704162
20.56,1.5520868360998774
20.685,1.552272858316134
20.785,1.5524600967520987
20.91,1.5526486029963527
21.035,1.5528384309621113
21.135,1.5530296370324794
21.26,1.5532222802166031
21.385,1.553416422317655
21.51,1.553612128113679
21.635,1.5538094655524204
21.76,1.55400850596136
21.885,1.5542093242743005
22.01,1.5544119992759602
22.135,1.554616613866175
22.285,1.5548232553454444
22.41,1.5550320157237147
22.56,1.5552429920544542
22.685,1.555456286796245
22.835,1.5556720082042956
22.985,1.55589027075446
23.11,1.556111195602526
23.26,1.5563349110817164
23.435,1.5565615532415007
23.585,1.5567912664309431
23.735,1.5570242039299078
23.885,1.5572605286314487
24.06,1.5575004137786377
24.235,1.5577440437588583
24.385,1.5579916149581685
24.56,1.5582433366776471
24.735,1.558499432112561
24.935,1.5587601393936217
25.11,1.5590257126873397
25.285,1.5592964233493218
25.485,1.5595725611199807
25.685,1.5598544353461548
25.885,1.5601423762040747
26.085,1.5604367358883051
26.285,1.560737889716952
26.485,1.561046237084538
26.71,1.5613622021692948
26.91,1.5616862342697462
27.135,1.5620188076047339
27.36,1.5623604203597097
27.585,1.5627115926986053
27.81,1.5630728633837896
28.06,1.563444784556789
28.285,1.5638279141321851
28.51,1.564222805153397
28.76,1.5646299913656334
28.985,1.565049968202275
29.21,1.565483168394492
29.46,1.565929931555818
29.66,1.5663904674375198
29.885,1.5668648131827554
30.085,1.5673527859063128
30.285,1.5678539333260044
30.46,1.5683674869006992
30.61,1.5688923237416925
30.76,1.569426944983527
30.86,1.5699694786490148
30.96,1.570517713606353
31.01,1.5710691675720592
31.035,1.571621186528172
31.06,1.572171066573735
31.035,1.5727161839942712
30.985,1.5732541170648775
30.935,1.573782744736613
30.835,1.5743003123762425
30.735,1.5748054614033031
30.61,1.5752972258995548
30.485,1.5757750035110287
30.36,1.576238509693981
30.21,1.5766877239464696
30.06,1.5771228349480513
29.885,1.577544189345626
29.735,1.5779522468758218
29.585,1.578347542908389
29.41,1.5787306584030605
29.26,1.5791021966324785
29.11,1.5794627657224714
28.935,1.5798129659833149
28.785,1.580153381058457
28.635,1.580484572034336
28.485,1.580807073794263
28.335,1.5811213930366048
28.185,1.5814280075006144
28.035,1.5817273660475994
27.885,1.582019889330241
27.76,1.5823059708505052
27.61,1.58258597825923
27.485,1.5828602547908168
27.36,1.5831291207569878
27.235,1.5833928750464166
27.11,1.5836517965939665
26.985,1.5839061457956989
26.86,1.5841561658548229
26.735,1.5844020840502389
26.61,1.584644112923908
26.51,1.5848824513864588
26.385,1.5851172857426117
26.285,1.5853487906394053
26.16,1.5855771299411001
26.06,1.5858024575351137
25.96,1.586024918073575
25.86,1.5862446476551175
25.76,1.5864617744514344
25.66,1.586676419282955
25.56,1.5868886961477662
25.46,1.5870987127076548
25.36,1.5873065707348788
25.26,1.5875123665230086
25.185,1.5877161912649138
25.085,1.5879181314007242
25.01,1.588118268938353
24.91,1.5883166817489454
24.835,1.5885134438394128
24.735,1.5887086256040177
24.66,1.5889022940568018
24.585,1.5890945130464849
24.485,1.589285343455319
24.41,1.5894748433832455
24.335,1.5896630683185842
24.26,1.5898500712963664
24.185,1.5900359030453337
24.11,1.5902206121245215
24.035,1.5904042450502744
23.96,1.5905868464144581
23.885,1.5907684589945692
23.81,1.5909491238563782
23.735,1.591128880449695
23.66,1.5913077666977804
23.585,1.591485819080898
23.535,1.5916630727144467
23.46,1.5918395614220822
23.385,1.5920153178042018
23.335,1.592190373302135
23.26,1.592364758258349
23.185,1.5925385019729634
23.135,1.5927116327568362
23.06,1.592884177981462
23.01,1.5930561641259098
22.935,1.5932276168210062
22.885,1.5933985608909516
22.81,1.5935690203925457
22.76,1.5937390186521874
22.71,1.5939085783007916
22.635,1.5940777213067678
22.585,1.5942464690071836
22.535,1.5944148421372335
22.46,1.5945828608581214
22.41,1.5947505447834591
22.36,1.594917913004274
22.31,1.5950849841127146
22.235,1.5952517762245324
22.185,1.59541830700042
22.135,1.5955845936662698
22.085,1.595750653032424
22.035,1.5959165015119734
21.985,1.5960821551381617
21.935,1.5962476295809502
21.885,1.596412940162791
21.835,1.596578101873652
21.785,1.5967431293853431
21.735,1.596908037065177
21.685,1.597072838989006
21.635,1.5972375489536699
21.585,1.597402180488885
21.535,1.5975667468686094
21.485,1.59773126112191
21.435,1.5978957360433592
21.385,1.5980601842029878
21.335,1.5982246179558177
21.285,1.5983890494509958
21.235,1.5985534906405499
21.21,1.5987179532877902
21.16,1.598882448975369
21.11,1.5990469891130228
21.06,1.599211584945007
21.01,1.5993762475572446
20.985,1.5995409878841984
20.935,1.5997058167154856
20.885,1.5998707447022444
20.835,1.6000357823632643
20.81,1.6002009400908976
20.76,1.6003662281567546
20.71,1.6005316567172012
20.685,1.6006972358186626
20.635,1.6008629754027461
20.585,1.6010288853111905
20.56,1.6011949752906511
20.51,1.601361254997327
20.46,1.6015277340014407
20.435,1.6016944217915738
20.385,1.6018613277788694
20.36,1.602028461301104
20.31,1.6021958316266391
20.285,1.6023634479582534
20.235,1.6025313194368656
20.185,1.6026994551451512
20.16,1.6028678641110585
20.11,1.6030365553112278
20.085,1.6032055376743193
20.035,1.603374820084256
20.01,1.603544411383381
19.96,1.6037143203755369
19.935,1.603884555829071
19.885,1.6040551264797682
19.86,1.6042260410337152
19.835,1.6043973081701022
19.785,1.6045689365439604
19.76,1.6047409347888433
19.71,1.6049133115194514
19.685,1.6050860753342044
19.635,1.6052592348177632
19.61,1.6054327985435048
19.585,1.6056067750759517
19.535,1.605781172973159
19.51,1.605956000789061
19.485,1.6061312670757804
19.435,1.6063069803859
19.41,1.6064831492747023
19.385,1.6066597823023745
19.335,1.6068368880361867
19.31,1.6070144750526394
19.285,1.6071925519395844
19.235,1.6073711272983233
19.21,1.60755020974568
19.185,1.607729807916053
19.135,1.6079099304634483
19.11,1.608090586063493
19.085,1.608271783415432
19.035,1.608453531244109
19.01,1.6086358383019341
18.985,1.6088187133708372
18.96,1.6090021652642115
18.91,1.6091862028288453
18.885,1.609370834946846
18.86,1.6095560705375556
18.835,1.609741918559459
18.81,1.6099283880120894
18.76,1.6101154879379254
18.735,1.6103032274242892
18.71,1.6104916156052405
18.685,1.6106806616634688
18.66,1.6108703748321875
18.61,1.6110607643970287
18.585,1.6112518396979394
18.56,1.6114436101310818
18.535,1.6116360851507379
18.51,1.6118292742712177
18.485,1.6120231870687765
18.435,1.6122178331835364
18.41,1.6124132223214187
18.385,1.6126093642560826
18.36,1.6128062688308769
18.335,1.6130039459608
18.31,1.6132024056344754
18.285,1.6134016579161352
18.235,1.6136017129476226
18.21,1.613802580950406
18.185,1.6140042722276104
18.16,1.6142067971660645
18.135,1.6144101662383665
18.11,1.6146143900049679
18.085,1.6148194791162769
18.06,1.6150254443147836
18.035,1.6152322964372041
18.01,1.61544004641665
17.985,1.61564870528482
17.96,1.6158582841742157
17.91,1.6160687943203833
17.885,1.6162802470641817
17.86,1.616492653854079
17.835,1.6167060262484756
17.81,1.6169203759180582
17.785,1.617135714648185
17.76,1.6173520543413007
17.735,1.6175694070193858
17.71,1.6177877848264393
17.685,1.6180072000309962
17.66,1.6182276650286818
17.635,1.6184491923448021
17.61,1.6186717946369735
17.585,1.6188954846977919
17.56,1.619120275457543
17.535,1.6193461799869533
17.51,1.619573211499987
17.485,1.6198013833566842
17.46,1.620030709066048
17.435,1.6202612022889764
17.41,1.6204928768412452
17.385,1.6207257466965386
17.36,1.6209598259895328
17.335,1.6211951290190312
17.31,1.621431670251155
17.285,1.62166946432259
17.26,1.6219085260438877
17.235,1.6221488704028302
17.235,1.6223905125678513
17.21,1.6226334678915217
17.185,1.6228777519141
17.16,1.623123380367144
17.135,1.6233703691771963
17.11,1.6236187344695332
17.085,1.6238684925719882
17.06,1.6241196600188474
17.035,1.6243722535548202
17.01,1.6246262901390864
16.985,1.6248817869494232
16.96,1.6251387613864132
16.935,1.6253972310777347
16.935,1.6256572138825396
16.91,1.625918727895917
16.885,1.6261817914534502
16.86,1.6264464231358606
16.835,1.6267126417737545
16.81,1.626980466452461
16.785,1.6272499165169738
16.76,1.6275210115769947
16.735,1.627793771512083
16.735,1.6280682164769147
16.71,1.6283443669066506
16.685,1.6286222435224231
16.66,1.6289018673369358
16.635,1.6291832596601878
16.61,1.6294664421053209
16.585,1.6297514365945935
16.585,1.6300382653654875
16.56,1.6303269509769467
16.535,1.6306175163157575
16.51,1.6309099846030675
16.485,1.6312043794010531
16.46,1.631500724619737
16.435,1.631799044523957
16.435,1.6320993637404964
16.41,1.6324017072653758
16.385,1.6327061004713135
16.36,1.633012569115355
16.335,1.6333211393466829
16.335,1.6336318377146073
16.31,1.6339446911767417
16.285,1.634259727107375
16.26,1.6345769733060362
16.235,1.6348964580062668
16.21,1.635218209884601
16.21,1.6355422580697596
16.185,1.635868632152068
16.16,1.6361973621930999
16.135,1.6365284787355563
16.11,1.6368620128133866
16.11,1.6371979959621552
16.085,1.6375364602296674
16.06,1.6378774381868546
16.035,1.638220962938934
16.035,1.638567068136844
16.01,1.6389157879889693
15.985,1.6392671572731592
15.96,1.6396212113490534
15.935,1.639977986170718
15.935,1.6403375182996087
15.91,1.6406998449178645
15.885,1.641065003841944
15.86,1.641433033536618
15.86,1.6418039731293244
15.835,1.6421778624248993
15.81,1.642554741920696
15.785,1.6429346528221032
15.785,1.643317637058475
15.76,1.6437037372994845
15.735,1.6440929969719187
15.71,1.644485460276921
15.71,1.6448811722077044
15.685,1.6452801785677416
15.66,1.6456825259894554
15.635,1.6460882619534196
15.635,1.6464974348080885
15.61,1.646910093790075
15.585,1.6473262890449896
15.56,1.647746071648864
15.56,1.6481694936301763
15.535,1.6485966079924956
15.51,1.6490274687377717
15.485,1.6494621308902853
15.485,1.6499006505212852
15.46,1.6503430847743354
15.435,1.6507894918913915
15.435,1.6512399312396382
15.41,1.6516944633391073
15.385,1.6521531498911084
15.36,1.6526160538074937
15.36,1.6530832392407948
15.335,1.6535547716152528
15.31,1.6540307176587774
15.31,1.6545111454358687
15.285,1.6549961243815319
15.26,1.6554857253362227
15.26,1.6559800205818607
15.235,1.6564790838789456
15.21,1.6569829905048186
15.185,1.6574918172931117
15.185,1.6580056426744223
15.16,1.6585245467182668
15.135,1.6590486111763485
15.135,1.6595779195272018
15.11,1.6601125570222501
15.085,1.6606526107333395
15.085,1.6611981696018028
15.06,1.6617493244891042
15.035,1.6623061682291334
15.035,1.6628687956822064
15.01,1.6634373037908396
14.985,1.6640117916373662
14.985,1.664592360503466
14.96,1.6651791139316792
14.935,1.6657721577889886
14.935,1.666371600332547
14.91,1.6669775522776313
14.885,1.6675901268679236
14.885,1.668209439948193
14.86,1.668835610039498
14.835,1.6694687584169878
14.835,1.6701090091904278
14.81,1.6707564893875457
14.785,1.6714113290403247
14.785,1.672073661274357
14.76,1.6727436224013907
14.735,1.6734213520152033
14.735,1.674106993090935
14.71,1.6748006920880352
14.71,1.675502599056975
14.685,1.6762128677498807
14.66,1.6769316557352654
14.66,1.6776591245170274
14.635,1.6783954396579102
14.61,1.6791407709076087
14.61,1.6798952923357384
14.585,1.6806591824698727
14.56,1.681432624438878
14.56,1.6822158061217907
14.535,1.6830089203024698
14.535,1.683812164830308
14.51,1.6846257427872626
14.485,1.6854498626615046
14.485,1.6862847385279869
14.46,1.6871305902362597
14.435,1.6879876436058707
14.435,1.6888561306297067
14.41,1.6897362896856496
14.41,1.6906283657569574
14.385,1.6915326106617763
14.36,1.692449283292231
14.36,1.6933786498635621
14.335,1.6943209841738014
14.335,1.6952765678745059
14.31,1.6962456907530996
14.285,1.6972286510274102
14.285,1.6982257556530016
14.26,1.6992373206439735
14.26,1.7002636714078916
14.235,1.7013051430955957
14.21,1.7023620809666467
14.21,1.7034348407712308
14.185,1.7045237891493872
14.185,1.7056293040484733
14.16,1.7067517751598422
14.135,1.7078916043757717
14.135,1.7090492062677152
14.11,1.7102250085870738
14.11,1.7114194527896907
14.085,1.7126329945853977
14.06,1.7138661045140133
14.06,1.7151192685492576
14.035,1.7163929887321805
14.035,1.7176877838357836
14.01,1.7190041900626105
14.01,1.7203427617772258
13.985,1.7217040722756245
13.96,1.7230887145937175
13.96,1.7244973023572223
13.935,1.725930470675433
13.935,1.7273888770814945
13.91,1.7288732025220175
13.91,1.7303841523990207
13.885,1.7319224576674561
13.86,1.733488875991756
13.86,1.7350841929650724
13.835,1.7367092233952115
13.835,1.738364812661457
13.81,1.740051838146873
13.81,1.7417712107509387
13.785,1.7435238764877645
13.76,1.7453108181755155
13.76,1.747133057223118
13.735,1.7489916555206915
13.735,1.7508877174407884
13.71,1.752822391957913
13.71,1.7547968748944618
13.685,1.7568124113018546
13.685,1.7588702979862623
13.66,1.7609718861891346
13.66,1.7631185844335235
13.635,1.765311861548108
13.61,1.7675532498817104
13.61,1.7698443487222815
13.585,1.7721868279353346
13.585,1.7745824318381918
13.56,1.7770329833276262
13.56,1.7795403882801564
13.535,1.782106640245712
13.535,1.7847338254572946
13.51,1.7874241281811516
13.51,1.7901798364341643
13.485,1.793003348097474
13.485,1.795897177457964
13.46,1.7988639622120053
13.435,1.801906470969099
13.435,1.8050276112962467
13.41,1.8082304383478518
13.41,1.8115181641299745
13.385,1.814894167452222
13.385,1.8183620046257478
13.36,1.8219254209711027
13.36,1.8255883632059278
13.335,1.8293549927889692
13.335,1.8332297003044264
13.31,1.837217120978513
13.31,1.841322151429304
13.285,1.8455499677604408
13.285,1.8499060451203746
13.26,1.8543961788606063
13.26,1.8590265074395131
13.235,1.8638035372327135
13.235,1.86873416942696
13.21,1.873825729191744
13.21,1.8790859973419773
13.185,1.8845232447257894
13.185,1.8901462695946005
13.16,1.8959644382368197
13.16,1.9019877291837637
13.135,1.9082267813251874
13.135,1.9146929463023623
13.11,1.9213983455805654
13.11,1.9283559326362085
13.085,1.935579560731385
13.085,1.9430840567842298
13.06,1.9508853018813674
13.06,1.9590003190136573
13.035,1.9674473686491316
13.035,1.976246052784193
13.01,1.9854174281318775
13.01,1.9949841291110937
13.01,2.0049705012861065
12.985,2.0154027458632187
12.985,2.0263090757724007
12.96,2.0377198837288972
12.96,2.049667922468736
12.935,2.0621884970568067
12.935,2.075319668747702
12.91,2.0891024692980382
12.91,2.10358112383902
12.885,2.1188032793526945
12.885,2.134820234384762
12.885,2.151687163774499
12.86,2.169463329778348
12.86,2.1882122678836944
12.835,2.208001931696194
12.835,2.2289047764090655
12.835,2.250997754352786
12.81,2.274362188889345
12.81,2.2990834844198536
12.785,2.3252506206189367
12.785,2.3529553685766205
12.785,2.38229115605299
12.76,2.4133514998526047
12.76,2.4462279174971284
12.76,2.4810072309841953
12.735,2.5177681866542696
12.735,2.5565773422574085
12.735,2.5974842210378633
12.735,2.640515808319747
12.71,2.6856705715695153
12.71,2.7329123179121413
12.71,2.7821643526667703
12.71,2.833304546448411
12.71,2.886162022493416
12.71,2.9405161979400996
12.71,2.9960988123866157
12.71,3.052599331127808
12.71,3.1096737292135033
12.71,3.116229107607385
