b,alpha
5.359246835082731,0.001154700410121379
5.359246835082731,0.0023094040384849528
5.359246835082731,0.0034641180921567796
5.359246835082731,0.004618849777786945
5.359246835082731,0.005773606303357835
5.359246835082731,0.0069283948774838235
5.359246835082731,0.00808322271023556
5.359246835082731,0.009238097013157278
5.359246835082731,0.010393024999788447
5.359246835082731,0.011548013885846331
5.359246835082731,0.012703070889556184
5.359246835082731,0.013858203232010839
5.359246835082731,0.015013418137410707
5.359246835082731,0.01616872283339502
5.359246835082731,0.01732412455138964
5.359246835082731,0.018479630526837935
5.359246835082731,0.01963524799961734
5.359246835082731,0.02079098421422213
5.359246835082731,0.02194684642019827
5.359246835082731,0.023102841872343023
5.359246835082731,0.02425897783113228
5.359246835082731,0.025415261562922908
5.359246835082731,0.026571700340345433
5.359246835082731,0.02772830144255914
5.359246835082731,0.028885072155623363
5.359246835082731,0.030042019772776186
5.359246835082731,0.031199151594747704
5.359246835082731,0.03235647493009576
5.359246835082731,0.03351399709552882
5.359246835082731,0.03467172541618684
5.359246835082731,0.035829667226004426
5.359246835082731,0.036987829868008804
5.359246835082731,0.0381462206946453
5.359246835082731,0.03930484706809896
5.359246835082731,0.04046371636061034
5.359246835082731,0.04162283595482121
5.359246835082731,0.04278221324409262
5.359246835082731,0.043941855632812804
5.359246835082731,0.04510177053675351
5.359246835082731,0.04626196538337489
5.359246835082731,0.04742244761216963
5.359246835082731,0.04858322467500777
5.359246835082731,0.049744304036428426
5.359246835082731,0.0509056931740329
5.359246835082731,0.052067399578762955
5.359246835082731,0.05322943075528396
5.359246835082731,0.05439179422229802
5.359246835082731,0.055554497512887095
5.359246835082731,0.05671754817487797
5.359246835082731,0.057880953771150975
5.359246835082731,0.05904472188001687
5.359246835082731,0.060208860095549224
5.359246835082731,0.0613733760279397
5.359246835082731,0.06253827730383232
5.359246835082731,0.06370357156670563
5.359246835082731,0.06486926647720925
5.359246835082731,0.06603536971351939
5.359246835082731,0.0672018889717042
5.359246835082731,0.06836883196608316
5.359246835082731,0.06953620642959077
5.359246835082731,0.07070402011413283
5.359246835082731,0.07187228079097797
5.359246835082731,0.07304099625109053
5.359246835082731,0.0742101743055341
5.359246835082731,0.0753798227858302
5.359246835082731,0.07654994954433943
5.359246835082731,0.0777205624546352
5.359246835082731,0.07889166941189228
5.359246835082731,0.08006327833326181
5.359246835082731,0.08123539715827247
5.359246835082731,0.08240803384919469
5.359246835082731,0.08358119639146018
5.359246835082731,0.08475489279403314
5.359246835082731,0.08592913108982328
5.359246835082731,0.08710391933607359
5.359246835082731,0.08827926561477356
5.359246835082731,0.08945517803305396
5.359246835082731,0.09063166472360672
5.359246835082731,0.09180873384508641
5.359246835082731,0.09298639358252932
5.359246835082731,0.0941646521477676
5.359246835082731,0.09534351777986533
5.359246835082731,0.0965229987455159
5.359246835082731,0.09770310333949282
5.359246835082731,0.09888383988507271
5.359246835082731,0.10006521673445941
5.359246835082731,0.10124724226923772
5.359246835082731,0.10242992490081394
5.359246835082731,0.10361327307084116
5.359246835082731,0.10479729525169275
5.359246835082731,0.10598199994689443
5.359246835082731,0.10716739569159775
5.359246835082731,0.1083534910530282
5.359246835082731,0.10954029463094518
5.359246835082731,0.11072781505812909
5.359246835082731,0.1119160610008327
5.359246835082731,0.11310504115927011
5.359246835082731,0.11429476426809096
5.359246835082731,0.1154852390968686
5.359246835082731,0.11667647445058717
5.359246835082731,0.11786847917013271
5.359246835082731,0.11906126213279311
5.359246835082731,0.12025483225276866
5.359246835082731,0.12144919848166588
5.359246835082731,0.1226443698090147
5.359246835082731,0.12384035526278662
5.359246835082731,0.1250371639099173
5.359246835082731,0.1262348048568303
5.359246835082731,0.12743328724996764
5.359246835082731,0.1286326202763352
5.359246835082731,0.12983281316402853
5.359246835082731,0.1310338751828016
5.359246835082731,0.1322358156446012
5.359246835082731,0.13343864390413193
5.359246835082731,0.13464236935942295
5.359246835082731,0.13584700145239445
5.359246835082731,0.13705254966943328
5.359246835082731,0.13825902354197514
5.359246835082731,0.13946643264709144
5.359246835082731,0.14067478660807944
5.359246835082731,0.14188409509507355
5.359246835082731,0.14309436782562893
5.359246835082731,0.14430561456535757
5.359246835082731,0.14551784512853475
5.359246835082731,0.14673106937871966
5.359246835082731,0.14794529722940117
5.359246835082731,0.1491605386446251
5.359246835082731,0.15037680363964262
5.359246835082731,0.15159410228156842
5.359246835082731,0.1528124446900293
5.359246835082731,0.15403184103784498
5.359246835082731,0.15525230155169006
5.359246835082731,0.1564738365127901
5.359246835082731,0.15769645625759007
5.359246835082731,0.1589201711784756
5.359246835082731,0.16014499172446484
5.359246835082731,0.16137092840191924
5.359246835082731,0.1625979917752792
5.359246835082731,0.1638261924677741
5.359246835082731,0.16505554116218163
5.359246835082731,0.16628604860155594
5.359246835082731,0.16751772558999745
5.359246835082731,0.16875058299340734
5.359246835082731,0.16998463174026665
5.359246835082731,0.17121988282241768
5.359246835082731,0.17245634729585244
5.359246835082731,0.17369403628152122
5.359246835082731,0.1749329609661354
5.359246835082731,0.17617313260299217
5.359246835082731,0.17741456251280577
5.359246835082731,0.17865726208454963
5.359246835082731,0.17990124277630054
5.359246835082731,0.18114651611611082
5.359246835082731,0.18239309370286919
5.359246835082731,0.18364098720719182
5.359246835082731,0.1848902083723152
5.359246835082731,0.1861407690149955
5.359246835082731,0.18739268102643739
5.359246835082731,0.18864595637320414
5.359246835082731,0.189900607098176
5.359246835082731,0.19115664532149174
5.359246835082731,0.1924140832415134
5.359246835082731,0.193672933135803
5.359246835082731,0.19493320736211983
5.359246835082731,0.1961949183594048
5.359246835082731,0.19745807864881534
5.359246835082731,0.1987227008347372
5.359246835082731,0.19998879760583602
5.359246835082731,0.2012563817361099
5.359246835082731,0.2025254660859562
5.359246835082731,0.2037960636032585
5.359246835082731,0.20506818732448268
5.359246835082731,0.20634185037578792
5.359246835082731,0.20761706597416169
5.359246835082731,0.20889384742855216
5.359246835082731,0.21017220814103285
5.359246835082731,0.21145216160797592
5.359246835082731,0.2127337214212403
5.359246835082731,0.21401690126938205
5.359246835082731,0.21530171493887137
5.359246835082731,0.21658817631533953
5.359246835082731,0.21787629938482833
5.359246835082731,0.21916609823507113
5.359246835082731,0.22045758705678056
5.359246835082731,0.2217507801449656
5.359246835082731,0.22304569190025175
5.359246835082731,0.2243423368302348
5.359246835082731,0.2256407295508484
5.359246835082731,0.22694088478774355
5.359246835082731,0.22824281737770502
5.359246835082731,0.22954654227007132
5.359246835082731,0.23085207452818046
5.359246835082731,0.2321594293308425
5.359246835082731,0.23346862197382662
5.359246835082731,0.23477966787137422
5.359246835082731,0.236092582557725
5.359246835082731,0.23740738168868408
5.359246835082731,0.2387240810431904
5.359246835082731,0.24004269652492244
5.359246835082731,0.2413632441639275
5.359246835082731,0.24268574011826521
5.359246835082731,0.24401020067568652
5.359246835082731,0.245336642255333
5.359246835082731,0.24666508140946233
5.359246835082731,0.24799553482519715
5.359246835082731,0.24932801932630733
5.359246835082731,0.2506625518750143
5.359246835082731,0.2519991495738215
5.359246835082731,0.2533378296673795
5.359246835082731,0.2546786095443709
5.359246835082731,0.2560215067394352
5.359246835082731,0.2573665389351126
5.359246835082731,0.25871372396382747
5.359246835082731,0.26006307980989507
5.359246835082731,0.26141462461156567
5.359246835082731,0.26276837666309794
5.359246835082731,0.2641243544168641
5.359246835082731,0.2654825764854947
5.359246835082731,0.2668430616440479
5.359246835082731,0.26820582883222316
5.359246835082731,0.26957089715660115
5.359246835082731,0.2709382858929302
5.359246835082731,0.272308014488438
5.359246835082731,0.2736801025641919
5.359246835082731,0.27505456991749155
5.359246835082731,0.2764314365242999
5.359246835082731,0.27781072254171757
5.359246835082731,0.2791924483104977
5.359246835082731,0.28057663435759717
5.359246835082731,0.28196330139878023
5.359246835082731,0.28335247034125294
5.359246835082731,0.2847441622863529
5.359246835082731,0.28613839853227824
5.359246835082731,0.2875352005768625
5.359246835082731,0.28893459012039846
5.359246835082731,0.2903365890685099
5.359246835082731,0.2917412195350714
5.359246835082731,0.2931485038451768
5.359246835082731,0.2945584645381609
5.359246835082731,0.29597112437067497
5.359246835082731,0.2973865063198062
5.359246835082731,0.2988046335862667
5.359246835082731,0.30022552959762117
5.359246835082731,0.30164921801158584
5.359246835082731,0.3030757227193728
5.359246835082731,0.30450506784910364
5.359246835082731,0.305937277769278
5.359246835082731,0.30737237709230214
5.359246835082731,0.3088103906780863
5.359246835082731,0.3102513436377014
5.359246835082731,0.3116952613371025
5.359246835082731,0.31314216940092354
5.372503171016342,0.3145920937163307
5.372503171016342,0.3160450604369595
5.372503171016342,0.3175010959869122
5.372503171016342,0.31896022706483246
5.372503171016342,0.3204224806480591
5.372503171016342,0.3218878839968473
5.372503171016342,0.32335646465867735
5.372503171016342,0.3248282504726366
5.372503171016342,0.32630326957388894
5.372503171016342,0.327781550398222
5.372503171016342,0.32926312168668487
5.372503171016342,0.330748012490312
5.372503171016342,0.33223625217493435
5.372503171016342,0.3337278704260852
5.372503171016342,0.3352228972539989
5.372503171016342,0.3367213629987043
5.372503171016342,0.3382232983352178
5.372503171016342,0.3397287342788358
5.372503171016342,0.3412377021905308
5.372503171016342,0.34275023378245184
5.372503171016342,0.34426636112353465
5.372503171016342,0.34578611664521625
5.372503171016342,0.34730953314727203
5.372503171016342,0.34883664380375956
5.372503171016342,0.3503674821690835
5.372503171016342,0.35190208218418606
5.372503171016342,0.3534404781828539
5.372503171016342,0.35498270489815803
5.372503171016342,0.3565287974690201
5.372503171016342,0.35807879144691745
5.372503171016342,0.3596327228027174
5.372503171016342,0.3611906279336577
5.372503171016342,0.3627525436704662
5.372503171016342,0.3643185072846323
5.372503171016342,0.3658885564958232
5.372503171016342,0.3674627294794617
5.372503171016342,0.36904106487445354
5.372503171016342,0.37062360179108644
5.372503171016342,0.37221037981908967
5.372503171016342,0.37380143903586344
5.372503171016342,0.37539682001489105
5.372503171016342,0.3769965638343206
5.372503171016342,0.3786007120857393
5.372503171016342,0.38020930688312876
5.372503171016342,0.38182239087202513
5.372503171016342,0.3834400072388649
5.372503171016342,0.38506219972054684
5.372503171016342,0.38668901261419436
5.372503171016342,0.38832049078714076
5.372503171016342,0.38995667968712744
5.372503171016342,0.3915976253527359
5.372503171016342,0.39324337442404855
5.372503171016342,0.3948939741535471
5.372503171016342,0.39654947241726235
5.372503171016342,0.3982099177261698
5.372503171016342,0.39987535923784784
5.372503171016342,0.4015458467684009
5.372503171016342,0.40322143080465583
5.372503171016342,0.4049021625166412
5.372503171016342,0.4065880937703516
5.372503171016342,0.40827927714081186
5.372503171016342,0.4099757659254474
5.372503171016342,0.41167761415776166
5.372503171016342,0.41338487662134626
5.372503171016342,0.4150976088642142
5.372503171016342,0.41681586721347785
5.372503171016342,0.4185397087903787
5.372503171016342,0.420269191525675
5.372503171016342,0.4220043741754063
5.372503171016342,0.42374531633703405
5.372503171016342,0.4254920784659783
5.372503171016342,0.4272447218925628
5.372503171016342,0.4290033088393704
5.372503171016342,0.43076790243903396
5.372503171016342,0.4325385667524658
5.372503171016342,0.43431536678754185
5.372503171016342,0.4360983685182588
5.372503171016342,0.43788763890437066
5.372503171016342,0.43968324591152314
5.372503171016342,0.44148525853190385
5.372503171016342,0.4432937468054185
5.372503171016342,0.4451087818414142
5.372503171016342,0.44693043584096154
5.372503171016342,0.44875878211971965
5.372503171016342,0.4505938951313967
5.372503171016342,0.45243585049182544
5.372503171016342,0.45428472500367845
5.372503171016342,0.45614059668183354
5.372503171016342,0.4580035447794222
5.372503171016342,0.4598736498145697
5.372503171016342,0.4617509935978642
5.372503171016342,0.46363565926056194
5.372503171016342,0.46552773128356745
5.372503171016342,0.4674272955272036
5.372503171016342,0.4693344392618044
5.372503171016342,0.4712492511991524
5.372503171016342,0.47317182152479287
5.372503171016342,0.47510224193125355
5.372503171016342,0.47704060565219525
5.372503171016342,0.4789870074975334
5.372503171016342,0.48094154388955956
5.372503171016342,0.482904312900089
5.372503171016342,0.4848754142886889
5.372503171016342,0.4868549495420032
5.372503171016342,0.48884302191422674
5.372503171016342,0.49083973646876283
5.372503171016342,0.49284520012110783
5.372503171016342,0.4948595216830032
5.372503171016342,0.49688281190790645
5.372503171016342,0.49891518353781855
5.372503171016342,0.500956751351528
5.372503171016342,0.5030076322143108
5.372503171016342,0.5050679451291513
5.372503171016342,0.5071378112895292
5.372503171016342,0.5092173541338361
5.372503171016342,0.5113066994014823
5.372503171016342,0.5134059751907538
5.372503171016342,0.5155153120184862
5.372503171016342,0.5176348428816239
5.372503171016342,0.5197647033207398
5.372503171016342,0.5219050314855841
5.372503171016342,0.524055968202742
5.372503171016342,0.5262176570454872
5.372503171016342,0.5283902444059071
5.372503171016342,0.5305738795694007
5.372503171016342,0.5327687147916246
5.372503171016342,0.5349749053780093
5.372503171016342,0.5371926097659206
5.372503171016342,0.5394219896095948
5.372503171016342,0.5416632098679456
5.372503171016342,0.5439164388953676
5.372503171016342,0.546181848535652
5.372503171016342,0.5484596142191512
5.372503171016342,0.5507499150633175
5.372503171016342,0.5530529339767613
5.372503171016342,0.5553688577669814
5.372503171016342,0.5576978772519117
5.372503171016342,0.5600401873754562
5.372503171016342,0.5623959873271761
5.372503171016342,0.5647654806663162
5.372503171016342,0.5671488754503508
5.372503171016342,0.5695463843682502
5.372503171016342,0.5719582248786781
5.372503171016342,0.5743846193533306
5.372503171016342,0.5768257952256621
5.372503171016342,0.579281985145216
5.372503171016342,0.5817534271378397
5.372503171016342,0.5842403647720328
5.372503171016342,0.5867430473317228
5.372503171016342,0.5892617299957561
5.372503171016342,0.5917966740244253
5.372503171016342,0.5943481469533561
5.372503171016342,0.5969164227951067
5.372503171016342,0.5995017822488472
5.372503171016342,0.6021045129184999
5.372503171016342,0.6047249095397598
5.372503171016342,0.6073632742164179
5.372503171016342,0.6100199166664533
5.372503171016342,0.612695154478369
5.372503171016342,0.6153893133782863
5.372503171016342,0.6181027275083387
5.372503171016342,0.6208357397169334
5.372503171016342,0.6235887018614918
5.372503171016342,0.6263619751243038
5.372503171016342,0.629155930342181
5.372503171016342,0.6319709483506264
5.372503171016342,0.6348074203432901
5.372503171016342,0.6376657482475117
5.372503171016342,0.6405463451168261
5.372503171016342,0.6434496355413324
5.372503171016342,0.6463760560769122
5.372503171016342,0.6493260556943181
5.372503171016342,0.6523000962492443
5.372503171016342,0.6552986529745389
5.372503171016342,0.6583222149958137
5.372503171016342,0.6613712858717709
5.386092282848956,0.6644463841606686
5.386092282848956,0.6675480440144292
5.386092282848956,0.6706768158020046
5.386092282848956,0.6738332667637117
5.386092282848956,0.6770179816983813
5.386092282848956,0.6802315636852792
5.386092282848956,0.6834746348428918
5.386092282848956,0.6867478371268355
5.386092282848956,0.6900518331692747
5.386092282848956,0.693387307162438
5.386092282848956,0.6967549657889817
5.386092282848956,0.7001555392021638
5.386092282848956,0.7035897820589984
5.386092282848956,0.7070584746098075
5.386092282848956,0.7105624238478181
5.386092282848956,0.7141024647227547
5.386092282848956,0.7176794614226556
5.386092282848956,0.7212943087284693
5.386092282848956,0.7249479334463409
5.386092282848956,0.7286412959228851
5.386092282848956,0.7323753916491427
5.386092282848956,0.7361512529593872
5.386092282848956,0.7399699508314248
5.386092282848956,0.7438325967955838
5.386092282848956,0.7477403449601535
5.386092282848956,0.7516943941616964
5.386092282848956,0.7556959902493294
5.386092282848956,0.7597464285128555
5.386092282848956,0.763847056265438
5.386092282848956,0.767999275592443
5.386092282848956,0.772204546279058
5.386092282848956,0.7764643889303968
5.386092282848956,0.7807803882989989
5.386092282848956,0.7851541968359489
5.386092282848956,0.7895875384832838
5.386092282848956,0.7940822127269491
5.386092282848956,0.7986400989313021
5.386092282848956,0.8032631609780879
5.386092282848956,0.8079534522349161
5.386092282848956,0.8127131208806003
5.386092282848956,0.8175444156172742
5.386092282848956,0.8224496918020164
5.386092282848956,0.8274314180338368
5.386092282848956,0.832492183235279
5.386092282848956,0.8376347042716972
5.386092282848956,0.8428618341553943
5.386092282848956,0.8481765708864301
5.386092282848956,0.8535820669869338
5.386092282848956,0.8590816397913407
5.386092282848956,0.8646787825610962
5.386092282848956,0.8703771764991072
5.4,0.8761807037466335
5.4,0.8820934614534179
5.4,0.8881197770207553
5.4,0.894264224626886
5.4,0.9005316431546635
5.4,0.9069271556528701
5.4,0.9134561904748825
5.4,0.9201245042515649
5.4,0.9269382068692572
5.4,0.9339037886383814
5.4,0.9410281498533136
5.4,0.9483186329594278
5.4,0.9557830575581401
5.4,0.9634297584946339
5.4,0.9712676272847803
5.4,0.9793061571461268
5.4,0.9875554919008391
5.4,0.9960264790134764
5.4,1.0047307270098602
5.4,1.0136806674902474
5.4,1.0228896218939563
5.414212955091157,1.0323718730848421
5.414212955091157,1.0421427416959133
5.414212955091157,1.0522186669815188
5.414212955091157,1.0626172916566246
5.414212955091157,1.0733575498281165
5.414212955091157,1.084459756608179
5.414212955091157,1.095945697300041
5.414212955091157,1.1078387131047982
5.414212955091157,1.1201637790432373
5.414212955091157,1.1329475681305892
5.414212955091157,1.146218493679655
5.414212955091157,1.1600067188177363
5.428718527284763,1.1743441187549848
5.428718527284763,1.189264176911612
5.428718527284763,1.2048017906091584
5.428718527284763,1.2209929556535042
5.428718527284763,1.237874291952868
5.428718527284763,1.2554823647940139
5.428718527284763,1.2738527495080754
5.443504790388732,1.2930187826999047
5.443504790388732,1.3130099437265568
5.443504790388732,1.3338498197021278
5.443504790388732,1.3555536313018808
5.443504790388732,1.3781253412047851
5.458560465263821,1.4015544377445461
5.458560465263821,1.4258125854438048
5.458560465263821,1.4508504560471407
5.458560465263821,1.476595180026076
5.473874876120233,1.5029489545142058
5.473874876120233,1.5297893605074724
5.473874876120233,1.5569718301700948
5.473874876120233,1.584334437722362
5.489437910335499,1.611704789195081
5.489437910335499,1.63890834650162
5.489437910335499,1.6657771745731884
5.505239981465034,1.6921579732914722
5.505239981465034,1.7179184037192523
5.505239981465034,1.7429510920035993
5.505239981465034,1.7671751647993472
5.52127199515152,1.7905355905658245
5.52127199515152,1.8130008710747108
5.52127199515152,1.8345597199957113
5.52127199515152,1.8552173144746886
5.537525317669944,1.8749915727650324
5.537525317669944,1.8939097547582657
5.537525317669944,1.912005542098865
5.537525317669944,1.9293166486642823
5.537525317669944,1.9458829431068194
5.5539917468721836,1.961745027032657
5.5539917468721836,1.9769431965958413
5.5539917468721836,1.9915167136482927
5.5539917468721836,2.0055033187645632
5.5539917468721836,2.0189389281137737
5.5539917468721836,2.031857466622344
5.570663485319021,2.0442907997132593
5.570663485319021,2.0562687344628228
5.570663485319021,2.06781906809328
5.570663485319021,2.0789676673783775
5.570663485319021,2.0897385669517674
5.570663485319021,2.1001540778841514
5.570663485319021,2.1102349004382175
5.570663485319021,2.120000236801088
5.570663485319021,2.1294679009829407
5.587533115408756,2.1386544240789194
5.587533115408756,2.14757515381483
5.587533115408756,2.156244347808705
5.587533115408756,2.164675260336186
5.587533115408756,2.1728802226297095
5.587533115408756,2.180870716901225
5.587533115408756,2.188657444378773
5.587533115408756,2.1962503877059714
5.587533115408756,2.203658868082747
5.587533115408756,2.210891597534739
5.587533115408756,2.2179567266942573
5.587533115408756,2.2248618884622537
5.587533115408756,2.2316142379019217
5.604593576330416,2.238220488692545
5.604593576330416,2.2446869464488586
5.604593576330416,2.2510195391875163
5.604593576330416,2.2572238451990714
5.604593576330416,2.263305118561645
5.604593576330416,2.269268312511484
5.604593576330416,2.275118100866026
5.604593576330416,2.2808588976769935
5.604593576330416,2.286494875274407
5.604593576330416,2.2920299808471905
5.604593576330416,2.2974679516922163
5.604593576330416,2.3028123292510307
5.604593576330416,2.3080664720421633
5.604593576330416,2.3132335675865865
5.604593576330416,2.318316643414616
5.604593576330416,2.323318577234161
5.604593576330416,2.3282421063326586
5.604593576330416,2.3330898362782326
5.604593576330416,2.337864248979459
5.604593576330416,2.3425677101576134
5.621838142686438,2.3472024762802683
5.621838142686438,2.3517707010006426
5.621838142686438,2.356274441143034
5.621838142686438,2.360715662271028
5.621838142686438,2.3650962438718848
5.621838142686438,2.3694179841875087
5.621838142686438,2.373682604719745
5.621838142686438,2.377891754435299
5.621838142686438,2.382047013693383
5.621838142686438,2.3861498979172056
5.621838142686438,2.390201861028613
5.621838142686438,2.3942042986635657
5.621838142686438,2.398158551184638
5.621838142686438,2.402065906505394
5.621838142686438,2.4059276027402707
5.621838142686438,2.4097448306924725
5.621838142686438,2.413518736191387
5.621838142686438,2.4172504222901012
5.621838142686438,2.420940951332758
5.621838142686438,2.4245913469007196
5.621838142686438,2.4282025956458226
5.621838142686438,2.4317756490183533
5.621838142686438,2.435311424896791
5.621838142686438,2.438810809125837
5.621838142686438,2.4422746569687526
5.621838142686438,2.4457037944795834
5.621838142686438,2.4490990198004297
5.621838142686438,2.4524611043885503
5.621838142686438,2.4557907941777444
5.621838142686438,2.4590888106781175
5.621838142686438,2.462355852018069
5.621838142686438,2.4655925939320498
5.639260404644602,2.468799690697399
5.639260404644602,2.4719777760233352
5.639260404644602,2.4751274638949656
5.639260404644602,2.4782493493749884
5.639260404644602,2.4813440093655617
5.639260404644602,2.4844120033326846
5.639260404644602,2.487453873995234
5.639260404644602,2.4904701479806954
5.639260404644602,2.493461336449473
5.639260404644602,2.496427935689554
5.639260404644602,2.499370427683176
5.639260404644602,2.502289280647047
5.639260404644602,2.50518494954758
5.639260404644602,2.5080578765924875
5.639260404644602,2.5109084917000226
5.639260404644602,2.51373721294706
5.639260404644602,2.5165444469971354
5.639260404644602,2.5193305895095124
5.639260404644602,2.5220960255302516
5.639260404644602,2.5248411298662234
5.639260404644602,2.5275662674429444
5.639260404644602,2.5302717936470542
5.639260404644602,2.5329580546542148
5.639260404644602,2.5356253877431616
5.639260404644602,2.538274121596603
5.639260404644602,2.540904576589606
5.639260404644602,2.543517065066095
5.639260404644602,2.5461118916040335
5.639260404644602,2.548689353269837
5.639260404644602,2.5512497398625387
5.639260404644602,2.553793334148189
5.639260404644602,2.5563204120849528
5.639260404644602,2.5588312430393434
5.639260404644602,2.561326089993998
5.639260404644602,2.5638052097473936
5.639260404644602,2.566268853105876
5.639260404644602,2.568717265068333
5.639260404644602,2.5711506850038672
5.639260404644602,2.5735693468227714
5.639260404644602,2.5759734791411044
5.639260404644602,2.5783633054391553
5.639260404644602,2.5807390442140585
5.639260404644602,2.5831009091268275
5.639260404644602,2.585449109144027
5.639260404644602,2.5877838486743414
5.639260404644602,2.5901053277002375
5.639260404644602,2.592413741904938
5.639260404644602,2.5947092827949025
5.639260404644602,2.596992137818004
5.639260404644602,2.5992624904775816
5.639260404644602,2.6015205204425373
5.639260404644602,2.603766403653642
5.639260404644602,2.606000312426202
5.639260404644602,2.608222415549241
5.639260404644602,2.6104328783813235
5.639260404644602,2.6126318629431795
5.656854249492381,2.6148195280072204
5.656854249492381,2.6169960291841106
5.656854249492381,2.6191615190064748
5.656854249492381,2.621316147009881
5.656854249492381,2.623460059811181
5.656854249492381,2.625593401184329
5.656854249492381,2.6277163121337637
5.656854249492381,2.62982893096545
5.656854249492381,2.631931393355673
5.656854249492381,2.6340238324176624
5.656854249492381,2.6361063787661285
5.656854249492381,2.6381791605797944
5.656854249492381,2.6402423036619935
5.656854249492381,2.6422959314994
5.656854249492381,2.644340165318973
5.656854249492381,2.6463751241431575
5.656854249492381,2.648400924843431
5.656854249492381,2.6504176821922374
5.656854249492381,2.6524255089133675
5.656854249492381,2.6544245157308497
5.656854249492381,2.6564148114163944
5.656854249492381,2.6583965028354504
5.656854249492381,2.6603696949919113
5.656854249492381,2.662334491071536
5.656854249492381,2.664290992484103
5.656854249492381,2.6662392989043697
5.656854249492381,2.668179508311854
5.656854249492381,2.67011171702949
5.656854249492381,2.6720360197611988
5.656854249492381,2.673952509628398
5.656854249492381,2.6758612782054976
5.656854249492381,2.6777624155544086
5.656854249492381,2.679656010258101
5.656854249492381,2.681542149453242
5.656854249492381,2.6834209188619416
5.656854249492381,2.685292402822635
5.656854249492381,2.687156684320134
5.656854249492381,2.6890138450148715
5.656854249492381,2.6908639652713573
5.656854249492381,2.6927071241858913
5.656854249492381,2.69454339961353
5.656854249492381,2.6963728681943504
5.656854249492381,2.698195605379028
5.656854249492381,2.700011685453743
5.656854249492381,2.701821181564449
5.656854249492381,2.703624165740509
5.656854249492381,2.7054207089177287
5.656854249492381,2.7072108809608064
5.656854249492381,2.7089947506852026
5.656854249492381,2.7107723858784674
5.656854249492381,2.7125438533210287
5.656854249492381,2.7143092188064575
5.656854249492381,2.716068547161233
5.656854249492381,2.7178219022640167
5.656854249492381,2.719569347064451
5.656854249492381,2.7213109436014977
5.656854249492381,2.723046753021331
5.656854249492381,2.72477683559479
5.656854249492381,2.726501250734418
5.656854249492381,2.7282200570110846
5.656854249492381,2.7299333121702114
5.656854249492381,2.731641073147618
5.656854249492381,2.73334339608498
5.656854249492381,2.735040336344934
5.656854249492381,2.736731948525821
5.656854249492381,2.7384182864760884
5.656854249492381,2.7400994033083523
5.656854249492381,2.7417753514131404
5.656854249492381,2.743446182472315
5.656854249492381,2.7451119474721852
5.656854249492381,2.7467726967163237
5.656854249492381,2.748428479838092
5.656854249492381,2.7500793458128783
5.656854249492381,2.751725342970063
5.656854249492381,2.7533665190047154
5.656854249492381,2.755002920989027
5.656854249492381,2.7566345953834954
5.656854249492381,2.758261588047853
5.656854249492381,2.759883944251763
5.656854249492381,2.761501708685273
5.656854249492381,2.7631149254690475
5.656854249492381,2.764723638164374
5.656854249492381,2.7663278897829526
5.656854249492381,2.7679277227964736
5.656854249492381,2.769523179145993
5.656854249492381,2.771114300251104
5.656854249492381,2.7727011270189146
5.656854249492381,2.774283699852837
5.656854249492381,2.775862058661187
5.656854249492381,2.777436242865608
5.656854249492381,2.7790062914093125
5.656854249492381,2.78057224276516
5.656854249492381,2.7821341349435604
5.656854249492381,2.783692005500215
5.656854249492381,2.7852458915437026
5.656854249492381,2.786795829742908
5.656854249492381,2.7883418563342937
5.656854249492381,2.7898840071290336
5.656854249492381,2.791422317519995
5.656854249492381,2.792956822488582
5.656854249492381,2.7944875566114415
5.656854249492381,2.7960145540670367
5.656854249492381,2.7975378486420883
5.656854249492381,2.7990574737378866
5.656854249492381,2.8005734623764824
5.656854249492381,2.8020858472067536
5.656854249492381,2.803594660510353
5.656854249492381,2.8050999342075422
5.656854249492381,2.806601699862911
5.656854249492381,2.8080999886909828
5.656854249492381,2.8095948315617187
5.656854249492381,2.8110862590059114
5.656854249492381,2.812574301220474
5.656854249492381,2.8140589880736364
5.656854249492381,2.8155403491100333
5.656854249492381,2.8170184135557
5.656854249492381,2.8184932103229787
5.674613844478814,2.8199647680153244
5.674613844478814,2.821433114932028
5.674613844478814,2.822898279072849
5.674613844478814,2.8243602881425596
5.674613844478814,2.825819169555409
5.674613844478814,2.827274950439507
5.674613844478814,2.828727657641118
5.674613844478814,2.8301773177288907
5.674613844478814,2.8316239569979964
5.674613844478814,2.8330676014742044
5.674613844478814,2.8345082769178758
5.674613844478814,2.83594600882789
5.674613844478814,2.837380822445498
5.674613844478814,2.8388127427581096
5.674613844478814,2.840241794503012
5.674613844478814,2.8416680021710223
5.674613844478814,2.8430913900100756
5.674613844478814,2.84451198202875
5.674613844478814,2.845929801999733
5.674613844478814,2.847344873463222
5.674613844478814,2.8487572197302695
5.674613844478814,2.8501668638860673
5.674613844478814,2.8515738287931813
5.674613844478814,2.852978137094723
5.674613844478814,2.8543798112174645
5.674613844478814,2.855778873374913
5.674613844478814,2.8571753455703233
5.674613844478814,2.858569249599656
5.674613844478814,2.859960607054499
5.674613844478814,2.8613494393249264
5.674613844478814,2.8627357676023157
5.674613844478814,2.8641196128821216
5.674613844478814,2.865500995966596
5.674613844478814,2.8668799374674685
5.674613844478814,2.8682564578085774
5.674613844478814,2.8696305772284654
5.674613844478814,2.871002315782928
5.674613844478814,2.8723716933475147
5.674613844478814,2.8737387296200025
5.674613844478814,2.8751034441228196
5.674613844478814,2.8764658562054333
5.674613844478814,2.8778259850466963
5.674613844478814,2.879183849657161
5.674613844478814,2.880539468881352
5.674613844478814,2.881892861400009
5.674613844478814,2.8832440457322823
5.674613844478814,2.8845930402379056
5.674613844478814,2.8859398631193285
5.674613844478814,2.887284532423819
5.674613844478814,2.8886270660455264
5.674613844478814,2.889967481727525
5.674613844478814,2.8913057970638083
5.674613844478814,2.892642029501269
5.674613844478814,2.893976196341641
5.674613844478814,2.895308314743408
5.674613844478814,2.8966384017236937
5.674613844478814,2.897966474160109
5.674613844478814,2.8992925487925887
5.674613844478814,2.9006166422251787
5.674613844478814,2.901938770927822
5.674613844478814,2.903258951238091
5.674613844478814,2.9045771993629184
5.674613844478814,2.9058935313802827
5.674613844478814,2.9072079632408827
5.674613844478814,2.908520510769777
5.674613844478814,2.90983118966801
5.674613844478814,2.9111400155142015
5.674613844478814,2.912447003766123
5.674613844478814,2.9137521697622515
5.674613844478814,2.9150555287232867
5.674613844478814,2.916357095753668
5.674613844478814,2.917656885843049
5.674613844478814,2.918954913867769
5.674613844478814,2.9202511945922853
5.674613844478814,2.9215457426705984
5.674613844478814,2.9228385726476573
5.674613844478814,2.9241296989607326
5.674613844478814,2.9254191359407833
5.674613844478814,2.926706897813799
5.674613844478814,2.9279929987021207
5.674613844478814,2.9292774526257515
5.674613844478814,2.930560273503639
5.674613844478814,2.9318414751549464
5.674613844478814,2.933121071300306
5.674613844478814,2.9343990755630527
5.674613844478814,2.9356755014704405
5.674613844478814,2.93695036245485
5.674613844478814,2.9382236718549652
5.674613844478814,2.9394954429169515
5.674613844478814,2.9407656887956004
5.674613844478814,2.942034422555475
5.674613844478814,2.9433016571720296
5.674613844478814,2.944567405532717
5.674613844478814,2.9458316804380833
5.674613844478814,2.9470944946028466
5.674613844478814,2.948355860656964
5.674613844478814,2.9496157911466776
5.674613844478814,2.950874298535555
5.674613844478814,2.9521313952055124
5.674613844478814,2.9533870934578235
5.674613844478814,2.954641405514124
5.674613844478814,2.955894343517385
5.674613844478814,2.9571459195328966
5.674613844478814,2.958396145549221
5.674613844478814,2.9596450334791387
5.674613844478814,2.9608925951605936
5.674613844478814,2.962138842357605
5.674613844478814,2.9633837867611943
5.674613844478814,2.964627439990269
5.674613844478814,2.965869813592529
5.674613844478814,2.9671109190453384
5.674613844478814,2.9683507677565917
5.674613844478814,2.9695893710655774
5.674613844478814,2.970826740243819
5.674613844478814,2.9720628864959178
5.674613844478814,2.9732978209603793
5.674613844478814,2.974531554710424
5.674613844478814,2.9757640987548033
5.674613844478814,2.976995464038594
5.674613844478814,2.978225661443981
5.674613844478814,2.9794547017910475
5.674613844478814,2.9806825958385366
5.674613844478814,2.981909354284614
5.674613844478814,2.9831349877676208
5.674613844478814,2.98435950686682
5.674613844478814,2.985582922103127
5.674613844478814,2.986805243939836
5.674613844478814,2.988026482783342
5.674613844478814,2.989246648983848
5.674613844478814,2.9904657528360685
5.674613844478814,2.9916838045799263
5.674613844478814,2.9929008144012332
5.674613844478814,2.9941167924323757
5.674613844478814,2.9953317487529754
5.674613844478814,2.9965456933905728
5.674613844478814,2.9977586363212607
5.674613844478814,2.998970587470355
5.674613844478814,3.000181556713022
5.674613844478814,3.001391553874921
5.674613844478814,3.0026005887328364
5.674613844478814,3.003808671015296
5.674613844478814,3.0050158104031834
5.674613844478814,3.0062220165303546
5.674613844478814,3.0074272989842425
5.674613844478814,3.0086316673064384
5.674613844478814,3.009835130993305
5.674613844478814,3.0110376994965464
5.674613844478814,3.0122393822237843
5.674613844478814,3.013440188539145
5.674613844478814,3.01464012776381
5.674613844478814,3.0158392091765998
5.674613844478814,3.017037442014501
5.674613844478814,3.0182348354732365
5.674613844478814,3.01943139870781
5.674613844478814,3.020627140833038
5.674613844478814,3.0218220709240877
5.674613844478814,3.0230161980170043
5.674613844478814,3.0242095311092454
5.674613844478814,3.0254020791601848
5.674613844478814,3.0265938510916386
5.674613844478814,3.0277848557883686
5.674613844478814,3.028975102098597
5.674613844478814,3.0301645988344887
5.674613844478814,3.031353354772669
5.674613844478814,3.032541378654701
5.674613844478814,3.0337286791875724
5.674613844478814,3.0349152650441855
5.674613844478814,3.0361011448638324
5.674613844478814,3.0372863272526653
5.674613844478814,3.038470820784171
5.674613844478814,3.039654633999641
5.674613844478814,3.040837775408619
5.674613844478814,3.042020253489375
5.674613844478814,3.043202076689353
5.674613844478814,3.0443832534256208
5.674613844478814,3.0455637920853125
5.674613844478814,3.046743701026084
5.674613844478814,3.0479229885765435
5.674613844478814,3.0491016630366863
5.674613844478814,3.0502797326783346
5.674613844478814,3.0514572057455567
5.674613844478814,3.0526340904551064
5.674613844478814,3.053810394996833
5.674613844478814,3.0549861275341015
5.674613844478814,3.056161296204226
5.674613844478814,3.0573359091188546
5.674613844478814,3.0585099743644015
5.674613844478814,3.05968350000245
5.674613844478814,3.0608564940701464
5.674613844478814,3.0620289645806142
5.674613844478814,3.063200919523341
5.674613844478814,3.064372366864584
5.674613844478814,3.065543314547758
5.674613844478814,3.066713770493822
5.674613844478814,3.0678837426016767
5.674613844478814,3.069053238748538
5.674613844478814,3.0702222667903336
5.674613844478814,3.0713908345620613
5.674613844478814,3.0725589498781885
5.674613844478814,3.0737266205330194
5.674613844478814,3.0748938543010653
5.674613844478814,3.076060658937409
5.674613844478814,3.0772270421780967
5.674613844478814,3.0783930117404745
5.674613844478814,3.0795585753235724
5.674613844478814,3.0807237406084593
5.674613844478814,3.081888515258602
5.674613844478814,3.083052906920228
5.674613844478814,3.084216923222676
5.674613844478814,3.0853805717787535
5.674613844478814,3.086543860185084
5.674613844478814,3.087706796022463
5.674613844478814,3.088869386856207
5.674613844478814,3.090031640236485
5.674613844478814,3.0911935636986927
5.674613844478814,3.092355164763771
5.674613844478814,3.0935164509385484
5.674613844478814,3.094677429716099
5.674613844478814,3.0958381085760642
5.674613844478814,3.0969984949850002
5.674613844478814,3.0981585963967064
5.674613844478814,3.0993184202525614
5.674613844478814,3.1004779739818606
5.674613844478814,3.101637265002137
5.674613844478814,3.102796300719514
5.674613844478814,3.103955088528988
5.674613844478814,3.1051136358148197
5.674613844478814,3.1062719499508114
5.674613844478814,3.107430038300648
5.674613844478814,3.1085879082182193
5.674613844478814,3.109745567047954
5.674613844478814,3.110903022125131
5.674613844478814,3.1120602807761895
5.674613844478814,3.113217350319071
5.674613844478814,3.114374238063535
5.674613844478814,3.115530951311458
5.674613844478814,3.116687497357177
5.674613844478814,3.1178438834877857
5.674613844478814,3.1190001169834423
5.674613844478814,3.1201562051177425
5.674613844478814,3.121312155157942
5.674613844478814,3.1224679743653447
5.674613844478814,3.1236236699955975
5.674613844478814,3.124779249298969
5.674613844478814,3.1259347195206986
5.674613844478814,3.1270900879012986
5.674613844478814,3.1282453616768757
5.674613844478814,3.1294005480793796
5.674613844478814,3.130555654337016
5.674613844478814,3.1317106876744605
5.674613844478814,3.1328656553132435
5.674613844478814,3.1340205644719816
5.674613844478814,3.135175422366733
5.674613844478814,3.1363302362113523
5.674613844478814,3.1374850132176793
5.674613844478814,3.1386397605959355
5.674613844478814,3.1397944855548334
5.674613844478814,3.140949195302657
5.674613844478814,3.1410814101334386
