3.942476676500724e-8,3.76,4.59
0.09022040655881607,3.76,4.59
0.17903877968604423,3.76,4.59
0.26518083951365384,3.76,4.59
0.34760004279094864,3.76,4.58
0.4255326545622561,3.77,4.58
0.49850591713069964,3.77,4.58
0.5663095514762402,3.77,4.58
0.6289461586479388,3.78,4.58
0.6865750817253361,3.78,4.58
0.7394599095467839,3.79,4.58
0.7879249287707665,3.79,4.58
0.8323220659915123,3.8,4.58
0.8730076046174253,3.8,4.58
0.9103269487541213,3.81,4.57
0.944605489426082,3.81,4.57
0.9761438193806089,3.82,4.57
1.005215885278594,3.82,4.57
1.0320690207478997,3.83,4.57
1.056925109256576,3.83,4.57
1.0799823647084634,3.84,4.57
1.1014173935960838,3.85,4.56
1.121387326688366,3.85,4.56
1.1400318929839823,3.86,4.56
1.1574753648946419,3.87,4.56
1.1738283399060188,3.87,4.56
1.1891893466530663,3.88,4.56
1.2036462769740703,3.88,4.56
1.2172776532177783,3.89,4.55
1.230153744006302,3.9,4.55
1.2423375432293724,3.9,4.55
1.253885627200739,3.91,4.55
1.2648489042521198,3.91,4.55
1.2752732699601448,3.92,4.55
1.2852001799374826,3.93,4.55
1.2946671508157674,3.93,4.55
1.3037081987887709,3.94,4.54
1.3123542239142227,3.95,4.54
1.3206333473122476,3.95,4.54
1.3285712074533755,3.96,4.54
1.3361912208967475,3.96,4.54
1.3435148121120601,3.97,4.54
1.350561616387403,3.98,4.54
1.3573496592790764,3.98,4.54
1.3638955155885437,3.99,4.53
1.3702144504462936,3.99,4.53
1.3763205447338138,4.0,4.53
1.3822268067753027,4.01,4.53
1.3879452719733365,4.01,4.53
1.3934870918414037,4.02,4.53
1.3988626136959306,4.03,4.53
1.4040814521065896,4.03,4.53
1.4091525530625688,4.04,4.53
1.4140842516907441,4.04,4.52
1.418884324256581,4.05,4.52
1.4235600350877078,4.06,4.52
1.428118178981397,4.06,4.52
1.4325651195889637,4.07,4.52
1.4369068242108347,4.07,4.52
1.4411488953845213,4.08,4.52
1.4452965996028566,4.08,4.52
1.4493548934607194,4.09,4.51
1.453328447494284,4.1,4.51
1.4572216679469252,4.1,4.51
1.461038716669707,4.11,4.51
1.4647835293413978,4.11,4.51
1.4684598321727493,4.12,4.51
1.4720711572420029,4.13,4.51
1.4756208565929294,4.13,4.51
1.479112115212876,4.14,4.5
1.482547962996093,4.14,4.5
1.4859312857867977,4.15,4.5
1.4892648355868692,4.15,4.5
1.492551240004565,4.16,4.5
1.4957930110131237,4.17,4.5
1.4989925530813957,4.17,4.5
1.5021521707326966,4.18,4.5
1.5052740755827358,4.18,4.49
1.508360392902756,4.19,4.49
1.51141316774976,4.2,4.49
1.514434370701942,4.2,4.49
1.5174259032340387,4.21,4.49
1.5203896027643053,4.21,4.49
1.5233272474021056,4.22,4.49
1.5262405604226834,4.22,4.49
1.529131214493515,4.23,4.48
1.5320008356746964,4.24,4.48
1.5348510072140829,4.24,4.48
1.5376832731563441,4.25,4.48
1.540499141783708,4.25,4.48
1.5433000889049302,4.26,4.48
1.546087561007925,4.27,4.47
1.5488629782905146,4.27,4.47
1.551627737582891,4.28,4.47
1.5543832151746282,4.28,4.47
1.5571307695584167,4.29,4.47
1.5598717441021224,4.3,4.46
1.5626074696602827,4.3,4.46
1.5653392671357407,4.31,4.46
1.5680684500017852,4.32,4.45
1.5707963267948966,4.33,4.45
1.5735242035880082,4.33,4.45
1.5762533864540524,4.34,4.44
1.5789851839295106,4.35,4.44
1.5817209094876707,4.36,4.43
1.5844618840313767,4.37,4.43
1.587209438415165,4.39,4.42
1.5899649160069023
1.5927296752992786
1.5955050925818683
1.5982925646848631
1.6010935118060854
1.6039093804334492
1.6067416463757105
1.609591817915097
1.6124614390962781
1.6153520931671097
1.6182654061876878
1.621203050825488
1.6241667503557546
1.6271582828878512
1.6301794858400331
1.6332322606870373
1.6363185780070573
1.6394404828570968
1.6426001005083974
1.6457996425766697
1.649041413585228
1.6523278180029242
1.6556613678029954
1.6590446905937002
1.6624805383769172
1.6659717969968637
1.6695214963477902
1.673132821417044
1.6768091242483953
1.6805539369200864
1.6843709856428681
1.6882642060955093
1.692237760129074
1.6962960539869367
1.7004437582052718
1.7046858293789586
1.7090275340008296
1.7134744746083963
1.7180326185020856
1.7227083293332124
1.7275084018990492
1.7324401005272243
1.7375112014832037
1.7427300398938625
1.7481055617483896
1.7536473816164568
1.7593658468144904
1.7652721088559795
1.7713782031434995
1.7776971380012496
1.784242994310717
1.79103103720239
1.798077841477733
1.8054014326930456
1.8130214461364178
1.8209593062775458
1.8292384296755704
1.8378844548010225
1.8469255027740261
1.8563924736523107
1.8663193836296488
1.8767437493376735
1.887707026389054
1.8992551103604212
1.9114389095834916
1.924315000372015
1.9379463766157228
1.952403306936727
1.967764313683775
1.9841172886951515
2.001560760605811
2.0202053269014275
2.0401752599937097
2.0616102888813304
2.0846675443332177
2.109523632841894
2.136376768311199
2.1654488342091844
2.196987164163712
2.2312657048356725
2.268585048972369
2.3092705875982817
2.3536677248190268
2.4021327440430094
2.455017571864459
2.5126464949418548
2.575283102113553
2.643086736459092
2.7160599990275363
2.7939926107988473
2.8764118140761363
2.962553873903746
3.0513722470309848
