NaN
0.031408178789735744
0.06276996264111326
0.0940394119174596
0.12517148653925905
0.15612246864398746
0.1868503540596233
0.21731520435324456
0.247479452869589
0.2773081600206285
0.3067692150116393
0.3358334830820436
0.36447489910262515
0.3926705099264782
0.4204004691830673
0.44764798920170334
0.47439925544305556
0.500643309215964
0.5263719045876852
0.5515793452959945
0.5762623071844433
0.6004196512529919
0.6240522318892173
0.6471627042606433
0.6697553342412321
0.6918358136432249
0.7134110829512604
0.7344891632249292
0.7550789983587276
0.7751903084703837
0.7948334548313417
0.8140193164555247
0.8327591782210354
0.8510646302093425
0.8689474778021825
0.8864196619719432
0.9034931891307418
0.9201800698611505
0.9364922658322855
0.9524416442040912
0.968039938835978
0.9832987176399733
0.9982293554501941
1.0128430118173046
1.0271506131766222
1.0411628388801009
1.0548901106242834
1.0683425848475037
1.0815301477094734
1.09446241230434
1.1071487177940904
1.1195981301825424
1.1318194444810508
1.1438211880454292
1.155611624889481
1.1671987608040655
1.1785903491318641
1.1897938970671382
1.200816672366895
1.2116657103751751
1.2223478212757841
1.232869597500856
1.2432374212333195
1.2534574719507448
1.2635357339663318
1.2734780039300622
1.2832898982593948
1.2929768604744192
1.302544168417224
1.311996941339404
1.3213401468452781
1.3305786076815
1.33971700836645
1.3487599016550962
1.3577117148369957
1.3665767558667776
1.3753592193278825
1.3840631922315287
1.39269265965389
1.401251510215308
1.4097435414060608
1.4181724647637852
1.4265419109081139
1.4348554344384705
1.4431165187012573
1.4513285804329157
1.4594949742855032
1.4676189972415818
1.4757038929252935
1.4837528558165671
1.4917690353754496
1.499755540083554
1.5077154414096439
1.5156517777063445
1.5235675580449726
1.5314657659954438
1.5393493633581972
1.5472212938550514
1.5550844867858782
1.562941860657963
1.5707963267948968
1.5786507929318303
1.5865081668039152
1.594371359734742
1.6022432902315962
1.6101268875943497
1.6180250955448208
1.6259408758834488
1.6338772121801495
1.6418371135062393
1.6498236182143438
1.6578397977732262
1.6658887606645
1.6739736563482113
1.68209767930429
1.6902640731568777
1.698476134888536
1.706737219151323
1.7150507426816795
1.7234201888260081
1.7318491121837325
1.7403411433744853
1.7488999939359033
1.7575294613582646
1.7662334342619106
1.7750158977230157
1.7838809387527976
1.7928327519346972
1.8018756452233433
1.811014045908293
1.820252506744515
1.8295957122503894
1.8390484851725692
1.848615793115374
1.8583027553303986
1.868114649659731
1.8780569196234618
1.8881351816390486
1.898355232356474
1.9087230560889374
1.9192448323140092
1.9299269432146182
1.9407759812228984
1.9517987565226549
1.963002304457929
1.9743938927857276
1.9859810287003123
1.9977714655443641
2.0097732091087424
2.021994523407251
2.0344439357957027
2.0471302412854535
2.06006250588032
2.0732500687422895
2.0867025429655097
2.1004298147096923
2.1144420404131714
2.1287496417724885
2.143363298139599
2.1582939359498194
2.173552714753815
2.1891510093857023
2.2051003877575077
2.2214125837286427
2.2380994644590513
2.25517299161785
2.272645175787611
2.290528023380451
2.308833475368758
2.327573337134268
2.3467591987584515
2.36640234511941
2.386513655231066
2.4071034903648636
2.4281815706385332
2.4497568399465686
2.471837319348561
2.4944299493291506
2.5175404217005757
2.5411730023368024
2.5653303464053514
2.5900133082937997
2.615220749002108
2.640949344373829
2.6671933981467384
2.6939446643880904
2.7211921844067257
2.748922143663317
2.7771177544871666
2.80575917050775
2.834823438578154
2.8642844935691674
2.8941132007202035
2.9242774492365498
2.9547422995301686
2.9854701849458056
3.016421167050534
3.0475532416723334
3.078822690948687
3.1101844748000573
