0.0	,1.6331589181265875
0.04609218436873747	,1.795286352269064
0.09218436873747494	,1.9557219980490748
0.13827655310621242	,2.114438457940625
0.1843687374749499	,2.2714089142786085
0.23046092184368736	,2.426607138386598
0.27655310621242485	,2.5800074994817495
0.3226452905811623	,2.7315849733444226
0.3687374749498998	,2.881315150741856
0.41482965931863724	,3.0291742456022352
0.4609218436873747	,3.175139102942536
0.5070140280561122	,3.319187206545683
0.5531062124248497	,3.46129668636836
0.5991983967935871	,3.6014463256951172
0.6452905811623246	,3.7396155680235026
0.691382765531062	,3.875784523675618
0.7374749498997996	,4.0099339761419195
0.7835671342685371	,4.142045388147475
0.8296593186372745	,4.272100907432957
0.875751503006012	,4.400083372258591
0.9218436873747494	,4.525976316626148
0.9679358717434869	,4.6497639751928626
1.0140280561122244	,4.771431287919385
1.0601202404809618	,4.89096390440813
1.1062124248496994	,5.0083481879439375
1.1523046092184368	,5.12357121924925
1.1983967935871742	,5.236620799927763
1.2444889779559118	,5.347485455608452
1.2905811623246493	,5.45615443877864
1.3366733466933867	,5.562617731336727
1.382765531062124	,5.666866046795053
1.4288577154308617	,5.76889083221347
1.4749498997995991	,5.868684269805364
1.5210420841683365	,5.966239278231733
1.5671342685370742	,6.061549513582554
1.6132264529058116	,6.154609370059654
1.659318637274549	,6.245413980327624
1.7054108216432864	,6.333959215567926
1.751503006012024	,6.4202416852046476
1.7975951903807614	,6.50425873633022
1.8436873747494988	,6.586008452803596
1.8897795591182365	,6.665489654053879
1.9358717434869739	,6.742701893548384
1.9819639278557113	,6.817645456970036
2.0280561122244487	,6.890321360066925
2.074148296593186	,6.960731346199914
2.1202404809619235	,7.028877883584447
2.1663326653306614	,7.094764162205527
2.212424849699399	,7.158394090454218
2.258517034068136	,7.21977229143156
2.3046092184368736	,7.278904098967229
2.350701402805611	,7.335795553330021
2.3967935871743484	,7.390453396638877
2.442885771543086	,7.442885067969008
2.4889779559118237	,7.493098698188119
2.535070140280561	,7.54110310446587
2.5811623246492985	,7.586907784517692
2.627254509018036	,7.630522910552231
2.6733466933867733	,7.67195932293968
2.7194388777555107	,7.711228523595642
2.765531062124248	,7.748342669082969
2.811623246492986	,7.783314563452587
2.8577154308617234	,7.816157650799195
2.903807615230461	,7.846886007556254
2.9498997995991982	,7.875514334536417
2.9959919839679356	,7.902057948691308
3.042084168336673	,7.926532774641853
3.0881763527054105	,7.948955335932723
3.1342685370741483	,7.969342746073285
3.1803607214428857	,7.987712699287011
3.226452905811623	,8.00408346108672
3.2725450901803605	,8.018473858558732
3.318637274549098	,8.030903270460852
3.3647294589178354	,8.041391617074908
3.410821643286573	,8.049959349848795
3.4569138276553106	,8.056627440836866
3.503006012024048	,8.061417371914215
3.5490981963927855	,8.064351123803831
3.595190380761523	,8.065451164908785
3.6412825651302603	,8.064740439944421
3.6873747494989977	,8.06224235839213
3.733466933867735	,8.057980782789196
3.779559118236473	,8.051980016812664
3.8256513026052104	,8.044264793237177
3.8717434869739478	,8.034860261696402
3.917835671342685	,8.023791976326057
3.9639278557114226	,8.01108588322709
4.01002004008016	,7.9967683078121645
4.056112224448897	,7.980865942001731
4.102204408817635	,7.963405831308203
4.148296593186372	,7.944415361783753
4.19438877755511	,7.9239222468628885
4.240480961923847	,7.901954514092543
4.286573146292585	,7.878540491769739
4.332665330661323	,7.853708795472022
4.37875751503006	,7.827488314511603
4.424849699398798	,7.799908198305811
4.4709418837675345	,7.770997842675149
4.517034068136272	,7.7407868760708425
4.563126252505009	,7.709305145749609
4.609218436873747	,7.676582703898262
4.655310621242485	,7.642649793697812
4.701402805611222	,7.607536835370057
4.74749498997996	,7.571274412183335
4.793587174348697	,7.533893256423623
4.839679358717435	,7.495424235384045
4.885771543086172	,7.455898337300207
4.9318637274549095	,7.415346657318464
4.977955911823647	,7.373800383447427
5.024048096192384	,7.331290782539519
5.070140280561122	,7.287849186272134
5.116232464929859	,7.243506977176617
5.162324649298597	,7.19829557467691
5.208416833667334	,7.1522464211949845
5.254509018036072	,7.105390968279412
5.30060120240481	,7.057760662798799
5.346693386773547	,7.009386933206519
5.3927855711422845	,6.960301175855339
5.4388777555110215	,6.910534741392931
5.484969939879759	,6.860118921249843
5.531062124248496	,6.80908493420587
5.577154308617234	,6.757463913047708
5.623246492985972	,6.70528689134375
5.669338677354709	,6.652584790312389
5.715430861723447	,6.599388405808622
5.761523046092184	,6.545728395444403
5.807615230460922	,6.491635265814313
5.853707414829659	,6.437139359875717
5.8997995991983965	,6.382270844461342
5.945891783567134	,6.327059697924277
5.991983967935871	,6.271535697973777
6.038076152304609	,6.215728409612037
6.084168336673346	,6.159667173289993
6.130260521042084	,6.103381093192278
6.176352705410821	,6.046899025728557
6.222444889779559	,5.99024956817572
6.268537074148297	,5.933461047533875
6.314629258517034	,5.87656150954308
6.3607214428857715	,5.819578707929304
6.406813627254508	,5.762540093823777
6.452905811623246	,5.705472805408386
6.498997995991983	,5.648403657754773
6.545090180360721	,5.591359132892517
6.591182364729459	,5.534365370089057
6.637274549098196	,5.477448156362687
6.683366733466934	,5.4206329172053
6.729458917835671	,5.363944707564194
6.775551102204409	,5.307408203040119
6.821643286573146	,5.251047691327418
6.867735470941883	,5.194887063916223
6.913827655310621	,5.138949808007341
6.959919839679358	,5.083258998722123
7.006012024048096	,5.027837291523564
7.052104208416833	,4.972706914929239
7.098196392785571	,4.917889663455274
7.144288577154308	,4.863406890845017
7.190380761523046	,4.809279503555899
7.236472945891784	,4.755527954502774
7.2825651302605205	,4.70217223708957
7.328657314629258	,4.649231879500851
7.374749498997995	,4.596725939270581
7.420841683366733	,4.544672998130572
7.46693386773547	,4.493091157120201
7.513026052104208	,4.441998032004847
7.559118236472946	,4.3914107489413965
7.605210420841683	,4.341345940450637
7.651302605210421	,4.291819741655775
7.697394789579158	,4.242847786809907
7.7434869739478955	,4.194445206109432
7.7895791583166325	,4.146626622786741
7.83567134268537	,4.099406150494545
7.881763527054108	,4.052797390958688
7.927855711422845	,4.006813431940682
7.973947895791583	,3.9614668454570676
8.02004008016032	,3.916769686309639
8.066132264529058	,3.8727334908722924
8.112224448897795	,3.829369276180717
8.158316633266532	,3.7866875393002317
8.20440881763527	,3.7446982569669345
8.250501002004007	,3.703410885511655
8.296593186372744	,3.6628343610648457
8.342685370741483	,3.622977100047528
8.38877755511022	,3.583846999912268
8.434869739478957	,3.5454514401820987
8.480961923847694	,3.5077972837551314
8.527054108216433	,3.470890878462953
8.57314629258517	,3.434738058922793
8.619238476953907	,3.3993441486338867
8.665330661322646	,3.36471396234316
8.711422845691382	,3.330851808673934
8.75751503006012	,3.297761493004117
8.803607214428856	,3.265446320608728
8.849699398797595	,3.2339091000388436
8.895791583166332	,3.2031521467640403
8.941883767535069	,3.1731772870443145
8.987975951903808	,3.143985862056258
9.034068136272545	,3.1155787322499435
9.080160320641282	,3.0879562819283635
9.126252505010019	,3.061118424085027
9.172344689378757	,3.035064605429497
9.218436873747494	,3.009793811673749
9.264529058116231	,2.9853045730024874
9.31062124248497	,2.9615949697699406
9.356713426853707	,2.9386626384208157
9.402805611222444	,2.916504777575895
9.448897795591181	,2.89511815435986
9.49498997995992	,2.874499110894817
9.541082164328657	,2.8546435709992366
9.587174348697394	,2.835547047054291
9.633266533066132	,2.8172046470699357
9.67935871743487	,2.79961108192121
9.725450901803606	,2.7827606727348986
9.771543086172343	,2.766647358467395
9.817635270541082	,2.7512647036240274
9.863727454909819	,2.7366059061332564
9.909819639278556	,2.722663805378719
9.955911823647295	,2.709430890369486
10.002004008016032	,2.696899308028499
10.048096192384769	,2.6850608716482895
10.094188376753506	,2.673907069441107
10.140280561122244	,2.6634290732237105
10.186372745490981	,2.6536177472097364
10.232464929859718	,2.644463656913267
10.278557114228457	,2.6359570781581425
10.324649298597194	,2.628088006175716
10.370741482965931	,2.620846164793356
10.416833667334668	,2.6142210157189183
10.462925851703407	,2.608201767884978
10.509018036072144	,2.6027773868871336
10.55511022044088	,2.5979366044630865
10.60120240480962	,2.5936679280625654
10.647294589178356	,2.589959650436235
10.693386773547093	,2.5867998593082078
10.73947895791583	,2.5841764470625677
10.785571142284569	,2.582077120485046
10.831663326653306	,2.5804894105194904
10.877755511022043	,2.5794006820617597
10.923847695390782	,2.5787981437614036
10.969939879759519	,2.578668857847191
11.016032064128256	,2.578999749942419
11.062124248496993	,2.5797776188910007
11.108216432865731	,2.580989146584443
11.154308617234468	,2.5826209077557536
11.200400801603205	,2.5846593797872117
11.246492985971944	,2.587090952452307
11.292585170340681	,2.589901937675755
11.338677354709418	,2.5930785792256614
11.384769539078155	,2.596607062374339
11.430861723446894	,2.6004735235238883
11.47695390781563	,2.604664059761703
11.523046092184368	,2.6091647383759593
11.569138276553106	,2.613961606292989
11.615230460921843	,2.619040699467959
11.66132264529058	,2.624388052183889
11.707414829659317	,2.6299897062768594
11.753507014028056	,2.635831720277139
11.799599198396793	,2.641900178482331
11.84569138276553	,2.6481811998979765
11.891783567134269	,2.6546609471215064
11.937875751503006	,2.66132563509111
11.983967935871743	,2.6681615397429397
12.03006012024048	,2.6751550065606153
12.076152304609218	,2.682292458993544
12.122244488977955	,2.6895604067631638
12.168336673346692	,2.6969454540435223
12.214428857715431	,2.7044343075129404
12.260521042084168	,2.7120137842670715
12.306613226452905	,2.7196708195998127
12.352705410821642	,2.727392474639302
12.39879759519038	,2.7351659438395615
12.444889779559118	,2.7429785623287017
12.490981963927855	,2.7508178130947343
12.537074148296593	,2.7586713340198727
12.58316633266533	,2.7665269247623954
12.629258517034067	,2.7743725534627046
12.675350701402804	,2.782196363300315
12.721442885771543	,2.7899866788647074
12.76753507014028	,2.7977320123731317
12.813627254509017	,2.805421069695498
12.859719438877756	,2.8130427562222806
12.905811623246493	,2.820586182541142
12.95190380761523	,2.8280406699312977
12.997995991983966	,2.835395755687543
13.044088176352705	,2.8426411982421627
13.090180360721442	,2.849766982109074
13.13627254509018	,2.856763322644639
13.182364729458918	,2.863620670598692
13.228456913827655	,2.8703297164976362
13.274549098196392	,2.8768813948078744
13.320641282565129	,2.8832668879298637
13.366733466933868	,2.8894776299779465
13.412825651302605	,2.895505310368094
13.458917835671341	,2.9013418772078126
13.50501002004008	,2.906979540496593
13.551102204408817	,2.9124107751072756
13.597194388777554	,2.9176283235861433
13.643286573146291	,2.9226251987418834
13.68937875751503	,2.927394686039264
13.735470941883767	,2.9319303457907893
13.781563126252504	,2.9362260151456496
13.827655310621243	,2.940275809885378
13.87374749498998	,2.9440741260113725
13.919839679358716	,2.947615641134732
13.965931863727453	,2.9508953156719144
14.012024048096192	,2.9539083938389723
14.05811623246493	,2.956650404443195
14.104208416833666	,2.9591171614869296
14.150300601202405	,2.9613047645715653
14.196392785571142	,2.9632095991051983
14.242484969939879	,2.964828336317794
14.288577154308616	,2.966157933091708
14.334669338677354	,2.9671956315862644
14.380761523046091	,2.9679389586932245
14.426853707414828	,2.968385725284321
14.472945891783567	,2.9685340252965773
14.519038076152304	,2.9683822346101323
14.565130260521041	,2.9679290097672606
14.611222444889778	,2.9671732864934057
14.657314629258517	,2.966114278056949
14.703406813627254	,2.9647514734407707
14.74949899799599	,2.9630846353547895
14.79559118236473	,2.9611137980685243
14.841683366733466	,2.9588392650833697
14.887775551102203	,2.9562616066385345
14.93386773547094	,2.95338165705013
14.97995991983968	,2.9502005119059334
15.026052104208416	,2.9467195250878433
15.072144288577153	,2.9429403056566343
15.118236472945892	,2.938864714576553
15.164328657314629	,2.93449486129839
15.210420841683366	,2.929833100199147
15.256513026052103	,2.9248820268893923
15.302605210420841	,2.9196444743678285
15.348697394789578	,2.9141235090588964
15.394789579158315	,2.9083224267150456
15.440881763527054	,2.9022447481955425
15.486973947895791	,2.8958942151225813
15.533066132264528	,2.8892747854174132
15.579158316633265	,2.882390628724181
15.625250501002004	,2.875246121729191
15.67134268537074	,2.867845843360257
15.717434869739478	,2.8601945698960094
15.763527054108216	,2.8522972699731213
15.809619238476953	,2.8441590994938792
15.85571142284569	,2.835785396445729
15.901803607214427	,2.827181675642862
15.947895791583166	,2.818353623369916
15.993987975951903	,2.809307091958132
16.04008016032064	,2.8000480942852732
16.086172344689377	,2.7905827982039852
16.132264529058116	,2.780917520901923
16.178356713426854	,2.7710587232066075
16.22444889779559	,2.761013003827969
16.27054108216433	,2.7507870935453695
16.316633266533064	,2.7403878493511087
16.362725450901802	,2.729822248547279
16.40881763527054	,2.719097382798253
16.454909819639276	,2.708220452151153
16.501002004008015	,2.6971987590202815
16.547094188376754	,2.686039702144967
16.59318637274549	,2.6747507705264297
16.639278557114228	,2.66333953733799
16.685370741482966	,2.6518136538254566
16.7314629258517	,2.640180843192553
16.77755511022044	,2.628448894482645
16.82364729458918	,2.616625656451049
16.869739478957914	,2.604719031443395
16.915831663326653	,2.592736969277368
16.961923847695388	,2.580687461130708
17.008016032064127	,2.568578533446356
17.054108216432866	,2.5564182418469272
17.1002004008016	,2.5442146650791813
17.14629258517034	,2.5319758989737693
17.19238476953908	,2.5197100504404943
17.238476953907814	,2.5074252314879573
17.284569138276552	,2.495129553284727
17.33066132264529	,2.482831120259135
17.376753507014026	,2.4705380242381807
17.422845691382765	,2.4582583386334136
17.468937875751504	,2.4460001126828814
17.51503006012024	,2.4337713657379396
17.561122244488978	,2.421580081611097
17.607214428857713	,2.4094342029835047
17.65330661322645	,2.397341625876294
17.69939879759519	,2.3853101941828214
17.745490981963925	,2.3733476942819323
17.791583166332664	,2.361461849709812
17.837675350701403	,2.349660315919863
17.883767535070138	,2.3379506751093686
17.929859719438877	,2.3263404311402667
17.975951903807616	,2.3148370045313698
18.02204408817635	,2.3034477275471374
18.06813627254509	,2.2921798393684014
18.11422845691383	,2.2810404813612166
18.160320641282564	,2.2700366924354114
18.206412825651302	,2.2591754045029973
18.252505010020037	,2.248463438031095
18.298597194388776	,2.2379074977035742
18.344689378757515	,2.2275141681787147
18.39078156312625	,2.217289909954175
18.43687374749499	,2.207241055343445
18.482965931863728	,2.197373804556065
18.529058116232463	,2.1876942218908084
18.5751503006012	,2.178208232044142
18.62124248496994	,2.1689216165293885
18.667334669338675	,2.15984001021134
18.713426853707414	,2.1509688979635655
18.759519038076153	,2.1423136114384533
18.805611222444888	,2.1338793259602937
18.851703406813627	,2.1256710575385114
18.897795591182362	,2.1176936600045764
18.9438877755511	,2.109951822269423
18.98997995991984	,2.102450065706705
19.036072144288575	,2.095192741663439
19.082164328657313	,2.08818402909003
19.128256513026052	,2.08142793230391
19.174348697394787	,2.0749282788736707
19.220440881763526	,2.06868871763848
19.266533066132265	,2.062712716845226
19.312625250501	,2.05700356242248
19.35871743486974	,2.0515643563785346
19.404809619238478	,2.0463980153300554
19.450901803607213	,2.0415072691567957
19.49699398797595	,2.0368946597877198
19.543086172344687	,2.0325625401115985
19.589178356713425	,2.028513073022978
19.635270541082164	,2.024748230587363
19.6813627254509	,2.0212697933403376
19.727454909819638	,2.0180793497101632
19.773547094188377	,2.0151782955700384
19.819639278557112	,2.012567833915398
19.86573146292585	,2.0102489746634262
19.91182364729459	,2.0082225345838935
19.957915831663325	,2.0064891373458806
20.004008016032063	,2.0050492136942637
20.050100200400802	,2.0039030017449164
20.096192384769537	,2.003050547399411
20.142284569138276	,2.0024917048835533
20.18837675350701	,2.002226137401621
20.23446893787575	,2.002253317908256
20.28056112224449	,2.0025725299968826
20.326653306613224	,2.003182868903991
20.372745490981963	,2.004083242624418
20.4188376753507	,2.0052723731403717
20.464929859719437	,2.006748797758661
20.511022044088175	,2.0085108705582684
20.557114228456914	,2.010556763945374
20.60320641282565	,2.012884470309956
20.649298597194388	,2.0154918037899563
20.695390781563127	,2.018376402136525
20.741482965931862	,2.0215357286725464
20.7875751503006	,2.024967074361129
20.833667334669336	,2.028667559957256
20.879759519038075	,2.0326341382603346
20.925851703406813	,2.036863596457607
20.97194388777555	,2.0413525585546353
21.018036072144287	,2.0460974878958353
21.064128256513026	,2.0510946897690445
21.11022044088176	,2.056340314091159
21.1563126252505	,2.0618303581785824
21.20240480961924	,2.0675606695930355
21.248496993987974	,2.0735269490633215
21.294589178356713	,2.079724753482722
21.34068136272545	,2.086149498975658
21.386773547094187	,2.0927964640344783
21.432865731462925	,2.099660792723
21.47895791583166	,2.1067374979417366
21.5250501002004	,2.1140214647580535
21.571142284569138	,2.1215074537929866
21.617234468937873	,2.1291901046637065
21.663326653306612	,2.137063939483582
21.70941883767535	,2.1451233664095355
21.755511022044086	,2.1533626832411983
21.801603206412825	,2.1617760810643603
21.847695390781563	,2.170357647940108
21.8937875751503	,2.179101372632445
21.939879759519037	,2.1880011483775377
21.985971943887776	,2.1970507766860123
22.03206412825651	,2.206243971180612
22.07815631262525	,2.215574361464462
22.124248496993985	,2.2250354970149857
22.170340681362724	,2.2346208511072376
22.216432865731463	,2.244323824758652
22.262525050100198	,2.2541377506914415
22.308617234468937	,2.2640558973187694
22.354709418837675	,2.2740714727398483
22.40080160320641	,2.2841776287524596
22.44689378757515	,2.294367464874398
22.492985971943888	,2.30463403237151
22.539078156312623	,2.314970338291502
22.585170340681362	,2.32536934950231
22.6312625250501	,2.3358239967277257
22.677354709418836	,2.346327178583394
22.723446893787575	,2.356871765607764
22.76953907815631	,2.367450604283732
22.81563126252505	,2.3780565210555267
22.861723446893787	,2.388682326329672
22.907815631262523	,2.399320818464261
22.95390781563126	,2.409964787740819
23.0	,2.4206070203195793
