0.0	,3.0876952803467037
0.04609218436873747	,3.097696467852135
0.09218436873747494	,3.107603384619275
0.13827655310621242	,3.1174151536651653
0.1843687374749499	,3.127130913292778
0.23046092184368736	,3.136749817314304
0.27655310621242485	,3.146271035270307
0.3226452905811623	,3.1556937526448468
0.3687374749498998	,3.1650171710763155
0.41482965931863724	,3.174240508563893
0.4609218436873747	,3.1833629996697583
0.5070140280561122	,3.1923838957165844
0.5531062124248497	,3.2013024649806807
0.5991983967935871	,3.2101179928803094
0.6452905811623246	,3.218829782159374
0.691382765531062	,3.2274371530661377
0.7374749498997996	,3.23593944352724
0.7835671342685371	,3.2443360093165547
0.8296593186372745	,3.2526262242191297
0.875751503006012	,3.2608094801899106
0.9218436873747494	,3.268885187507323
0.9679358717434869	,3.276852774921586
1.0140280561122244	,3.28471168979767
1.0601202404809618	,3.2924613982529043
1.1062124248496994	,3.300101385289097
1.1523046092184368	,3.307631154919141
1.1983967935871742	,3.315050230288047
1.2444889779559118	,3.32235815378836
1.2905811623246493	,3.329554487169886
1.3366733466933867	,3.3366388116436685
1.382765531062124	,3.3436107279801743
1.4288577154308617	,3.350469856601677
1.4749498997995991	,3.3572158376687264
1.5210420841683365	,3.3638483311607685
1.5671342685370742	,3.370367016950643
1.6132264529058116	,3.3767715948732953
1.659318637274549	,3.38306178478829
1.7054108216432864	,3.389237326636362
1.751503006012024	,3.3952979804897683
1.7975951903807614	,3.401243526596614
1.8436873747494988	,3.407073765418969
1.8897795591182365	,3.412788517664856
1.9358717434869739	,3.4183876243139624
1.9819639278557113	,3.423870946637239
2.0280561122244487	,3.4292383662102606
2.074148296593186	,3.434489784920218
2.1202404809619235	,3.439625124966871
2.1663326653306614	,3.4446443288570667
2.212424849699399	,3.449547359393104
2.258517034068136	,3.4543341996547814
2.3046092184368736	,3.4590048529751956
2.350701402805611	,3.4635593429103215
2.3967935871743484	,3.467997713202287
2.442885771543086	,3.4723200277363926
2.4889779559118237	,3.476526370492007
2.535070140280561	,3.4806168454871202
2.5811623246492985	,3.4845915767167193
2.627254509018036	,3.4884507080850944
2.6733466933867733	,3.492194403331802
2.7194388777555107	,3.4958228459516714
2.765531062124248	,3.4993362391085596
2.811623246492986	,3.5027348055431498
2.8577154308617234	,3.506018787474591
2.903807615230461	,3.5091884464962204
2.9498997995991982	,3.5122440634652787
2.9959919839679356	,3.515185938386664
3.042084168336673	,3.5180143902908454
3.0881763527054105	,3.520729757105902
3.1342685370741483	,3.523332395523825
3.1803607214428857	,3.525822680860907
3.226452905811623	,3.52820100691271
3.2725450901803605	,3.5304677858031677
3.318637274549098	,3.5326234478281657
3.3647294589178354	,3.534668441293691
3.410821643286573	,3.5366032323484453
3.4569138276553106	,3.5384283048110348
3.503006012024048	,3.5401441599919616
3.5490981963927855	,3.541751316510267
3.595190380761523	,3.5432503101049715
3.6412825651302603	,3.5446416934415215
3.6873747494989977	,3.5459260359131197
3.733466933867735	,3.5471039234370805
3.779559118236473	,3.5481759582464165
3.8256513026052104	,3.5491427586765347
3.8717434869739478	,3.5500049589473117
3.917835671342685	,3.5507632089404653
3.9639278557114226	,3.551418173972526
4.01002004008016	,3.5519705345631998
4.056112224448897	,3.552420986199576
4.102204408817635	,3.5527702390959104
4.148296593186372	,3.5530190179493886
4.19438877755511	,3.5531680616918004
4.240480961923847	,3.553218123237166
4.286573146292585	,3.553169969225673
4.332665330661323	,3.553024379763721
4.37875751503006	,3.552782148160393
4.424849699398798	,3.5524440806603694
4.4709418837675345	,3.552010996173401
4.517034068136272	,3.5514837260004524
4.563126252505009	,3.5508631135566695
4.609218436873747	,3.5501500140912268
4.655310621242485	,3.549345294404101
4.701402805611222	,3.548449832560164
4.74749498997996	,3.547464517600262
4.793587174348697	,3.5463902492498924
4.839679358717435	,3.545227937625183
4.885771543086172	,3.5439785029365174
4.9318637274549095	,3.542642875189869
4.977955911823647	,3.5412219938860257
5.024048096192384	,3.539716807717578
5.070140280561122	,3.5381282742641993
5.116232464929859	,3.536457359685961
5.162324649298597	,3.534705038415028
5.208416833667334	,3.53287229284577
5.254509018036072	,3.53096011302342
5.30060120240481	,3.5289694963314107
5.346693386773547	,3.526901447177589
5.3927855711422845	,3.5247569766792317
5.4388777555110215	,3.5225371023472083
5.484969939879759	,3.520242847769309
5.531062124248496	,3.5178752422928126
5.577154308617234	,3.515435320706564
5.623246492985972	,3.5129241229225614
5.669338677354709	,3.5103426936571913
5.715430861723447	,3.50769208211229
5.761523046092184	,3.504973341656147
5.807615230460922	,3.502187529504512
5.853707414829659	,3.499335706401752
5.8997995991983965	,3.496418936302415
5.945891783567134	,3.493438286053038
5.991983967935871	,3.4903948250746044
6.038076152304609	,3.487289625045635
6.084168336673346	,3.48412375958601
6.130260521042084	,3.480898303941759
6.176352705410821	,3.477614334670753
6.222444889779559	,3.474272929329665
6.268537074148297	,3.4708751661620663
6.314629258517034	,3.4674221237878915
6.3607214428857715	,3.463914880894473
6.406813627254508	,3.4603545159290716
6.452905811623246	,3.456742106793144
6.498997995991983	,3.4530787305384347
6.545090180360721	,3.4493654630649875
6.591182364729459	,3.445603378821136
6.637274549098196	,3.441793550505753
6.683366733466934	,3.437937048772649
6.729458917835671	,3.4340349419373104
6.775551102204409	,3.43008829568621
6.821643286573146	,3.4260981727885493
6.867735470941883	,3.422065632810694
6.913827655310621	,3.4179917318334097
6.959919839679358	,3.4138775221718727
7.006012024048096	,3.4097240520987007
7.052104208416833	,3.4055323655699685
7.098196392785571	,3.4013035019543567
7.144288577154308	,3.3970384957655906
7.190380761523046	,3.3927383763980274
7.236472945891784	,3.388404167865866
7.2825651302605205	,3.3840368885455785
7.328657314629258	,3.379637550922108
7.374749498997995	,3.375207161338603
7.420841683366733	,3.3707467197498353
7.46693386773547	,3.3662572194795057
7.513026052104208	,3.361739646981342
7.559118236472946	,3.357194981604121
7.605210420841683	,3.3526241953607414
7.651302605210421	,3.3480282527013383
7.697394789579158	,3.343408110290533
7.7434869739478955	,3.33876471678887
7.7895791583166325	,3.3340990126385144
7.83567134268537	,3.3294119298532796
7.881763527054108	,3.3247043918129435
7.927855711422845	,3.3199773130621333
7.973947895791583	,3.3152315991135373
8.02004008016032	,3.310468146255646
8.066132264529058	,3.3056878413651916
8.112224448897795	,3.3008915617239936
8.158316633266532	,3.2960801748406707
8.20440881763527	,3.2912545382768137
8.250501002004007	,3.2864154994780335
8.296593186372744	,3.2815638956097164
8.342685370741483	,3.276700553397559
8.38877755511022	,3.2718262889729406
8.434869739478957	,3.2669419077230675
8.480961923847694	,3.262048204146088
8.527054108216433	,3.257145961710942
8.57314629258517	,3.2522359527223563
8.619238476953907	,3.2473189381904044
8.665330661322646	,3.2423956677053902
8.711422845691382	,3.2374668793173234
8.75751503006012	,3.2325332994206435
8.803607214428856	,3.2275956426436445
8.849699398797595	,3.2226546117431134
8.895791583166332	,3.217710897503697
8.941883767535069	,3.2127651786423788
8.987975951903808	,3.2078181217179265
9.034068136272545	,3.202870381045167
9.080160320641282	,3.1979225986143747
9.126252505010019	,3.1929754040154625
9.172344689378757	,3.1880294143671573
9.218436873747494	,3.1830852342511076
9.264529058116231	,3.178143455650851
9.31062124248497	,3.173204657895639
9.356713426853707	,3.1682694076092064
9.402805611222444	,3.163338258663214
9.448897795591181	,3.158411752135731
9.49498997995992	,3.1534904162742072
9.541082164328657	,3.148574766463472
9.587174348697394	,3.143665305198239
9.633266533066132	,3.138762522060427
9.67935871743487	,3.133866893701098
9.725450901803606	,3.1289788838269263
9.771543086172343	,3.1240989431913224
9.817635270541082	,3.1192275095901274
9.863727454909819	,3.114365007861692
9.909819639278556	,3.1095118498914287
9.955911823647295	,3.1046684346207885
10.002004008016032	,3.099835148060543
10.048096192384769	,3.0950123633084554
10.094188376753506	,3.090200440571087
10.140280561122244	,3.0853997271897757
10.186372745490981	,3.080610557670963
10.232464929859718	,3.0758332537203508
10.278557114228457	,3.071068124281208
10.324649298597194	,3.0663154655766425
10.370741482965931	,3.0615755611557707
10.416833667334668	,3.0568486819436895
10.462925851703407	,3.052135086295263
10.509018036072144	,3.047435020052652
10.55511022044088	,3.042748716606446
10.60120240480962	,3.038076396960406
10.647294589178356	,3.033418269799687
10.693386773547093	,3.028774531562607
10.73947895791583	,3.024145366515666
10.785571142284569	,3.0195309468320004
10.831663326653306	,3.0149314326729746
10.877755511022043	,3.010346972272961
10.923847695390782	,3.0057777020273173
10.969939879759519	,3.0012237465832063
11.016032064128256	,2.9966852189335182
11.062124248496993	,2.9921622205135794
11.108216432865731	,2.9876548413007034
11.154308617234468	,2.9831631599164012
11.200400801603205	,2.978687243731359
11.246492985971944	,2.974227148972762
11.292585170340681	,2.9697829208344295
11.338677354709418	,2.965354593589071
11.384769539078155	,2.9609421907030016
11.430861723446894	,2.95654572495313
11.47695390781563	,2.9521651985461386
11.523046092184368	,2.9478006032396773
11.569138276553106	,2.9434519204657033
11.615230460921843	,2.9391191214556605
11.66132264529058	,2.934802167367591
11.707414829659317	,2.930501009415052
11.753507014028056	,2.9262155889976675
11.799599198396793	,2.9219458378334187
11.84569138276553	,2.9176916780924387
11.891783567134269	,2.9134530225322397
11.937875751503006	,2.909229774634484
11.983967935871743	,2.90502182874295
12.03006012024048	,2.900829070202836
12.076152304609218	,2.8966513755011842
12.122244488977955	,2.8924886124084517
12.168336673346692	,2.8883406401211107
12.214428857715431	,2.8842073094051717
12.260521042084168	,2.8800884627405954
12.306613226452905	,2.8759839344665514
12.352705410821642	,2.8718935509273757
12.39879759519038	,2.8678171306192084
12.444889779559118	,2.8637544843372917
12.490981963927855	,2.859705415323549
12.537074148296593	,2.855669719415049
12.58316633266533	,2.851647185192444
12.629258517034067	,2.847637594128974
12.675350701402804	,2.8436407207396255
12.721442885771543	,2.8396563327305913
12.76753507014028	,2.8356841911486614
12.813627254509017	,2.8317240505309274
12.859719438877756	,2.827775659054307
12.905811623246493	,2.8238387586850746
12.95190380761523	,2.819913085328295
12.997995991983966	,2.815998368977045
13.044088176352705	,2.812094333861436
13.090180360721442	,2.8082006985973074
13.13627254509018	,2.8043171763346426
13.182364729458918	,2.800443474905494
13.228456913827655	,2.796579296971563
13.274549098196392	,2.79272434017122
13.320641282565129	,2.78887829726593
13.366733466933868	,2.785040856286219
13.412825651302605	,2.781211700676823
13.458917835671341	,2.7773905094413167
13.50501002004008	,2.7735769572858078
13.551102204408817	,2.769770714762027
13.597194388777554	,2.765971448409588
13.643286573146291	,2.7621788208971854
13.68937875751503	,2.7583924911631406
13.735470941883767	,2.754612114554839
13.781563126252504	,2.750837342967285
13.827655310621243	,2.7470678249805545
13.87374749498998	,2.7433032059963702
13.919839679358716	,2.739543128373335
13.965931863727453	,2.735787231561338
14.012024048096192	,2.7320351522346122
14.05811623246493	,2.728286524423744
14.104208416833666	,2.7245409796464424
14.150300601202405	,2.7207981470371063
14.196392785571142	,2.717057653475148
14.242484969939879	,2.713319123712023
14.288577154308616	,2.7095821804970273
14.334669338677354	,2.705846444701782
14.380761523046091	,2.702111535443304
14.426853707414828	,2.698377070205899
14.472945891783567	,2.6946426649615436
14.519038076152304	,2.690907934288964
14.565130260521041	,2.6871724914913746
14.611222444889778	,2.6834359487126935
14.657314629258517	,2.679697917052513
14.703406813627254	,2.675958006679524
14.74949899799599	,2.6722158269435843
14.79559118236473	,2.6684709864863083
14.841683366733466	,2.6647230933503225
14.887775551102203	,2.66097175508693
14.93386773547094	,2.6572165788624655
14.97995991983968	,2.65345717156311
15.026052104208416	,2.64969313989835
15.072144288577153	,2.6459240905029136
15.118236472945892	,2.6421496300372844
15.164328657314629	,2.638369365286803
15.210420841683366	,2.6345829032593047
15.256513026052103	,2.630789851281319
15.302605210420841	,2.626989817092835
15.348697394789578	,2.6231824089406874
15.394789579158315	,2.619367235670521
15.440881763527054	,2.6155439068172455
15.486973947895791	,2.6117120326942596
15.533066132264528	,2.6078712244811886
15.579158316633265	,2.604021094310231
15.625250501002004	,2.6001612553511992
15.67134268537074	,2.596291321895181
15.717434869739478	,2.5924109094368823
15.763527054108216	,2.588519634755616
15.809619238476953	,2.584617115994995
15.85571142284569	,2.580702972741319
15.901803607214427	,2.5767768261007507
15.947895791583166	,2.572838298775108
15.993987975951903	,2.5688870151365766
16.04008016032064	,2.5649226013009905
16.086172344689377	,2.5609446852000928
16.132264529058116	,2.5569528966525374
16.178356713426854	,2.5529468674336515
16.22444889779559	,2.5489262313441943
16.27054108216433	,2.5448906242778224
16.316633266533064	,2.540839684287605
16.362725450901802	,2.536773051651307
16.40881763527054	,2.5326903689356826
16.454909819639276	,2.5285912810597537
16.501002004008015	,2.5244754353569308
16.547094188376754	,2.5203424816362894
16.59318637274549	,2.516192072242751
16.639278557114228	,2.512023862116328
16.685370741482966	,2.507837508850505
16.7314629258517	,2.5036326727495606
16.77755511022044	,2.499409016885135
16.82364729458918	,2.4951662071518452
16.869739478957914	,2.4909039123220618
16.915831663326653	,2.486621804099868
16.961923847695388	,2.4823195571742427
17.008016032064127	,2.4779968492713857
17.054108216432866	,2.473653361206348
17.1002004008016	,2.4692887769338894
17.14629258517034	,2.464902783598604
17.19238476953908	,2.4604950715844143
17.238476953907814	,2.456065334563281
17.284569138276552	,2.4516132695433837
17.33066132264529	,2.4471385769164957
17.376753507014026	,2.4426409605049955
17.422845691382765	,2.438120127607964
17.468937875751504	,2.4335757890470013
17.51503006012024	,2.4290076592113055
17.561122244488978	,2.4244154561022357
17.607214428857713	,2.419798901377456
17.65330661322645	,2.4151577203944274
17.69939879759519	,2.410491642253549
17.745490981963925	,2.405800399840731
17.791583166332664	,2.4010837298695846
17.837675350701403	,2.396341372923124
17.883767535070138	,2.3915730734950795
17.929859719438877	,2.3867785800307884
17.975951903807616	,2.3819576449677236
18.02204408817635	,2.3771100247755514
18.06813627254509	,2.372235479995983
18.11422845691383	,2.3673337752821233
18.160320641282564	,2.3624046794375095
18.206412825651302	,2.3574479654549183
18.252505010020037	,2.3524634105547246
18.298597194388776	,2.347450796223005
18.344689378757515	,2.342409908249345
18.39078156312625	,2.3373405367643705
18.43687374749499	,2.332242476276933
18.482965931863728	,2.327115525711071
18.529058116232463	,2.3219594884426837
18.5751503006012	,2.3167741723359243
18.62124248496994	,2.311559389779362
18.667334669338675	,2.3063149577218462
18.713426853707414	,2.3010406977081512
18.759519038076153	,2.2957364359143817
18.805611222444888	,2.290402003183071
18.851703406813627	,2.2850372350580663
18.897795591182362	,2.279641971819226
18.9438877755511	,2.2742160585167372
18.98997995991984	,2.268759345005296
19.036072144288575	,2.263271685978023
19.082164328657313	,2.25775294100009
19.128256513026052	,2.2522029745420804
19.174348697394787	,2.246621656013201
19.220440881763526	,2.2410088597940225
19.266533066132265	,2.2353644652692433
19.312625250501	,2.2296883568598886
19.35871743486974	,2.223980424055433
19.404809619238478	,2.2182405614454836
19.450901803607213	,2.212468668751367
19.49699398797595	,2.2066646508571877
19.543086172344687	,2.20082841784071
19.589178356713425	,2.1949598850039385
19.635270541082164	,2.1890589729032333
19.6813627254509	,2.18312560737923
19.727454909819638	,2.1771597195862813
19.773547094188377	,2.171161246021677
19.819639278557112	,2.1651301285542845
19.86573146292585	,2.1590663144529936
19.91182364729459	,2.152969756414663
19.957915831663325	,2.1468404125915836
20.004008016032063	,2.140678246618662
20.050100200400802	,2.134483227640006
20.096192384769537	,2.128255330335132
20.142284569138276	,2.1219945349446485
20.18837675350701	,2.115700827295446
20.23446893787575	,2.109374198825371
20.28056112224449	,2.1030146466073947
20.326653306613224	,2.096622173373156
20.372745490981963	,2.090196787536054
20.4188376753507	,2.083738503213559
20.464929859719437	,2.0772473402491736
20.511022044088175	,2.070723324233506
20.557114228456914	,2.0641664865248863
20.60320641282565	,2.0575768642692007
20.649298597194388	,2.050954500419122
20.695390781563127	,2.0442994437525526
20.741482965931862	,2.037611748890428
20.7875751503006	,2.030891476313655
20.833667334669336	,2.02413869237941
20.879759519038075	,2.017353469336545
20.925851703406813	,2.0105358853402704
20.97194388777555	,2.0036860244658863
21.018036072144287	,1.9968039767218135
21.064128256513026	,1.9898898380615764
21.11022044088176	,1.9829437103950873
21.1563126252505	,1.9759657015988017
21.20240480961924	,1.9689559255251328
21.248496993987974	,1.961914502010727
21.294589178356713	,1.9548415568839292
21.34068136272545	,1.9477372219711144
21.386773547094187	,1.9406016351020554
21.432865731462925	,1.9334349401142354
21.47895791583166	,1.9262372868561282
21.5250501002004	,1.9190088311893163
21.571142284569138	,1.9117497349896078
21.617234468937873	,1.9044601661469365
21.663326653306612	,1.8971402985641803
21.70941883767535	,1.889790312154795
21.755511022044086	,1.8824103928392653
21.801603206412825	,1.8750007325403368
21.847695390781563	,1.86756152917709
21.8937875751503	,1.8600929866577003
21.939879759519037	,1.8525953148709782
21.985971943887776	,1.845068729676684
22.03206412825651	,1.8375134528944588
22.07815631262525	,1.8299297122915146
22.124248496993985	,1.8223177415690248
22.170340681362724	,1.8146777803470804
22.216432865731463	,1.8070100741484216
22.262525050100198	,1.7993148743806842
22.308617234468937	,1.7915924383173794
22.354709418837675	,1.7838430290773792
22.40080160320641	,1.7760669156030584
22.44689378757515	,1.76826437263701
22.492985971943888	,1.7604356806973018
22.539078156312623	,1.7525811260513589
22.585170340681362	,1.7447010006882984
22.6312625250501	,1.7367956022898818
22.677354709418836	,1.7288652341999877
22.723446893787575	,1.7209102053925829
22.76953907815631	,1.7129308304381983
22.81563126252505	,1.7049274294689711
22.861723446893787	,1.6969003281421227
22.907815631262523	,1.6888498576019924
22.95390781563126	,1.6807763544404963
23.0	,1.6726801606561352
