0.0	,2.5623466692458843
0.04609218436873747	,2.6632723883944767
0.09218436873747494	,2.762953979242554
0.13827655310621242	,2.8613775782697113
0.1843687374749499	,2.9585297312080696
0.23046092184368736	,3.0543973970807023
0.27655310621242485	,3.148967952070034
0.3226452905811623	,3.2422291932219793
0.3687374749498998	,3.3341693419845373
0.41482965931863724	,3.424777047564219
0.4609218436873747	,3.5140413901283125
0.5070140280561122	,3.601951883815383
0.5531062124248497	,3.6884984795805673
0.5991983967935871	,3.7736715678569475
0.6452905811623246	,3.8574619810495165
0.691382765531062	,3.9398609958334827
0.7374749498997996	,4.020860335289045
0.7835671342685371	,4.100452170836448
0.8296593186372745	,4.178629124006277
0.875751503006012	,4.255384268008504
0.9218436873747494	,4.330711129130742
0.9679358717434869	,4.404603687940892
1.0140280561122244	,4.477056380311559
1.0601202404809618	,4.5480640982507525
1.1062124248496994	,4.617622190550032
1.1523046092184368	,4.685726463244273
1.1983967935871742	,4.752373179881266
1.2444889779559118	,4.817559061605719
1.2905811623246493	,4.881281287053834
1.3366733466933867	,4.943537492062134
1.382765531062124	,5.0043257691818965
1.4288577154308617	,5.063644667016882
1.4749498997995991	,5.121493189359119
1.5210420841683365	,5.177870794149647
1.5671342685370742	,5.232777392245872
1.6132264529058116	,5.28621334600831
1.659318637274549	,5.3381794676923375
1.7054108216432864	,5.388677017668102
1.751503006012024	,5.437707702442838
1.7975951903807614	,5.4852736725131575
1.8436873747494988	,5.531377520021952
1.8897795591182365	,5.576022276251429
1.9358717434869739	,5.619211408919502
1.9819639278557113	,5.660948819307276
2.0280561122244487	,5.70123883920844
2.074148296593186	,5.740086227704274
2.1202404809619235	,5.777496167761072
2.1663326653306614	,5.813474262657898
2.212424849699399	,5.8480265322489755
2.258517034068136	,5.881159409044177
2.3046092184368736	,5.912879734137821
2.350701402805611	,5.943194752967921
2.3967935871743484	,5.972112110906426
2.442885771543086	,5.999639848697072
2.4889779559118237	,6.025786397737171
2.535070140280561	,6.050560575195934
2.5811623246492985	,6.073971578983493
2.627254509018036	,6.096028982570333
2.6733466933867733	,6.116742729661793
2.7194388777555107	,6.136123128716521
2.765531062124248	,6.154180847337125
2.811623246492986	,6.170926906507434
2.8577154308617234	,6.1863726747035575
2.903807615230461	,6.20052986186427
2.9498997995991982	,6.213410513234659
2.9959919839679356	,6.225027003078479
3.042084168336673	,6.235392028270999
3.0881763527054105	,6.244518601765478
3.1342685370741483	,6.252420045945712
3.1803607214428857	,6.259109985859722
3.226452905811623	,6.264602342348619
3.2725450901803605	,6.268911325058877
3.318637274549098	,6.272051425359468
3.3647294589178354	,6.274037409154281
3.410821643286573	,6.274884309594855
3.4569138276553106	,6.274607419704768
3.503006012024048	,6.273222284911219
3.5490981963927855	,6.270744695493518
3.595190380761523	,6.267190678946089
3.6412825651302603	,6.262576492266719
3.6873747494989977	,6.256918614168467
3.733466933867735	,6.2502337372218975
3.779559118236473	,6.242538759930971
3.8256513026052104	,6.233850778745779
3.8717434869739478	,6.224187080020235
3.917835671342685	,6.213565131910416
3.9639278557114226	,6.202002576225126
4.01002004008016	,6.189517220233517
4.056112224448897	,6.1761270284246494
4.102204408817635	,6.161850114233423
4.148296593186372	,6.1467047317306065
4.19438877755511	,6.130709267288326
4.240480961923847	,6.113882231208495
4.286573146292585	,6.096242249346293
4.332665330661323	,6.077808054700812
4.37875751503006	,6.058598479007417
4.424849699398798	,6.03863244430661
4.4709418837675345	,6.017928954522002
4.517034068136272	,5.99650708702873
4.563126252505009	,5.974385984232072
4.609218436873747	,5.951584845147827
4.655310621242485	,5.928122917003202
4.701402805611222	,5.90401948684492
4.74749498997996	,5.87929387317496
4.793587174348697	,5.853965417607368
4.839679358717435	,5.828053476557971
4.885771543086172	,5.801577412957166
4.9318637274549095	,5.774556588014945
4.977955911823647	,5.7470103530132475
5.024048096192384	,5.7189580411474825
5.070140280561122	,5.690418959422237
5.116232464929859	,5.661412380589904
5.162324649298597	,5.631957535157194
5.208416833667334	,5.602073603440911
5.254509018036072	,5.571779707698171
5.30060120240481	,5.541094904320634
5.346693386773547	,5.510038176092394
5.3927855711422845	,5.478628424543118
5.4388777555110215	,5.446884462359396
5.484969939879759	,5.414825005890973
5.531062124248496	,5.382468667743454
5.577154308617234	,5.34983394945052
5.623246492985972	,5.316939234254805
5.669338677354709	,5.283802779969487
5.715430861723447	,5.2504427119526325
5.761523046092184	,5.216877016173365
5.807615230460922	,5.183123532398941
5.853707414829659	,5.14919994747076
5.8997995991983965	,5.115123788713595
5.945891783567134	,5.08091241744625
5.991983967935871	,5.04658302261313
6.038076152304609	,5.012152614545385
6.084168336673346	,4.977638018830688
6.130260521042084	,4.94305587032261
6.176352705410821	,4.908422607273755
6.222444889779559	,4.873754465599808
6.268537074148297	,4.839067473279467
6.314629258517034	,4.804377444885492
6.3607214428857715	,4.769699976267314
6.406813627254508	,4.735050439359423
6.452905811623246	,4.700443977138354
6.498997995991983	,4.665895498727798
6.545090180360721	,4.6314196746512835
6.591182364729459	,4.597030932219103
6.637274549098196	,4.562743451091028
6.683366733466934	,4.5285711589644855
6.729458917835671	,4.494527727436083
6.775551102204409	,4.460626568009653
6.821643286573146	,4.426880828260721
6.867735470941883	,4.3933033881601915
6.913827655310621	,4.359906856558499
6.959919839679358	,4.326703567826938
7.006012024048096	,4.293705578664323
7.052104208416833	,4.260924665060214
7.098196392785571	,4.228372319424157
7.144288577154308	,4.1960597478807475
7.190380761523046	,4.163997867725524
7.236472945891784	,4.132197305046324
7.2825651302605205	,4.100668392510487
7.328657314629258	,4.069421167319707
7.374749498997995	,4.038465369323577
7.420841683366733	,4.007810439311138
7.46693386773547	,3.9774655174568547
7.513026052104208	,3.947439441939901
7.559118236472946	,3.9177407477271533
7.605210420841683	,3.888377665519746
7.651302605210421	,3.859358120869251
7.697394789579158	,3.830689733459355
7.7434869739478955	,3.8023798165433558
7.7895791583166325	,3.774435376558241
7.83567134268537	,3.7468631128924486
7.881763527054108	,3.7196694178208123
7.927855711422845	,3.692860376599633
7.973947895791583	,3.666441767723164
8.02004008016032	,3.6404190633386406
8.066132264529058	,3.6147974298197045
8.112224448897795	,3.5895817285020044
8.158316633266532	,3.564776516567436
8.20440881763527	,3.5403860480870932
8.250501002004007	,3.516414275216931
8.296593186372744	,3.492864849546743
8.342685370741483	,3.4697411235952433
8.38877755511022	,3.44704615245605
8.434869739478957	,3.4247826955924072
8.480961923847694	,3.4029532187706764
8.527054108216433	,3.3815598961407165
8.57314629258517	,3.36060461245785
8.619238476953907	,3.340088965438703
8.665330661322646	,3.320014268260529
8.711422845691382	,3.300381552186142
8.75751503006012	,3.2811915693304545
8.803607214428856	,3.2624447955446634
8.849699398797595	,3.244141433443115
8.895791583166332	,3.226281415537752
8.941883767535069	,3.2088644075089228
8.987975951903808	,3.191889811586204
9.034068136272545	,3.175356770050513
9.080160320641282	,3.159264168850118
9.126252505010019	,3.143610641326667
9.172344689378757	,3.128394572050544
9.218436873747494	,3.113614100758184
9.264529058116231	,3.0992671263989493
9.31062124248497	,3.0853513112778117
9.356713426853707	,3.071864085292315
9.402805611222444	,3.0588026502674097
9.448897795591181	,3.046163984376779
9.49498997995992	,3.033944846655988
9.541082164328657	,3.0221417815965097
9.587174348697394	,3.0107511238206683
9.633266533066132	,2.9997690028346398
9.67935871743487	,2.989191347859027
9.725450901803606	,2.979013892722776
9.771543086172343	,2.969232180835526
9.817635270541082	,2.959841570215545
9.863727454909819	,2.950837238581709
9.909819639278556	,2.94221418850395
9.955911823647295	,2.9339672526054628
10.002004008016032	,2.9260910988220594
10.048096192384769	,2.9185802356966946
10.094188376753506	,2.9114290177351947
10.140280561122244	,2.9046316507846157
10.186372745490981	,2.8981821974591604
10.232464929859718	,2.892074582600408
10.278557114228457	,2.886302598758828
10.324649298597194	,2.8808599117148823
10.370741482965931	,2.8757400660092287
10.416833667334668	,2.870936490502558
10.462925851703407	,2.8664425039497132
10.509018036072144	,2.8622513205841926
10.55511022044088	,2.8583560557112193
10.60120240480962	,2.8547497313145342
10.647294589178356	,2.8514252816547945
10.693386773547093	,2.8483755588758726
10.73947895791583	,2.8455933386029173
10.785571142284569	,2.843071325533593
10.831663326653306	,2.8408021590218127
10.877755511022043	,2.8387784186369522
10.923847695390782	,2.8369926297233334
10.969939879759519	,2.8354372689210336
11.016032064128256	,2.8341047696743757
11.062124248496993	,2.8329875277104613
11.108216432865731	,2.83207790648715
11.154308617234468	,2.8313682426045084
11.200400801603205	,2.830850851191748
11.246492985971944	,2.830518031237766
11.292585170340681	,2.8303620708951023
11.338677354709418	,2.8303752527289348
11.384769539078155	,2.8305498589250533
11.430861723446894	,2.830878176438823
11.47695390781563	,2.831352502100078
11.523046092184368	,2.831965147654145
11.569138276553106	,2.8327084447482136
11.615230460921843	,2.833574749852694
11.66132264529058	,2.8345564491224806
11.707414829659317	,2.835645963189787
11.753507014028056	,2.8368357518840135
11.799599198396793	,2.8381183188874886
11.84569138276553	,2.839486216310302
11.891783567134269	,2.8409320491942296
11.937875751503006	,2.842448479934088
11.983967935871743	,2.844028232622314
12.03006012024048	,2.8456640973078784
12.076152304609218	,2.8473489341720537
12.122244488977955	,2.8490756776181954
12.168336673346692	,2.8508373402702816
12.214428857715431	,2.8526270168839503
12.260521042084168	,2.8544378881669275
12.306613226452905	,2.856263224498292
12.352705410821642	,2.858096389561833
12.39879759519038	,2.8599308438750555
12.444889779559118	,2.8617601482248034
12.490981963927855	,2.8635779670006087
12.537074148296593	,2.8653780714262
12.58316633266533	,2.867154342692217
12.629258517034067	,2.868900774980105
12.675350701402804	,2.8706114783867847
12.721442885771543	,2.872280681739497
12.76753507014028	,2.8739027353082207
12.813627254509017	,2.8754721134040864
12.859719438877756	,2.876983416876321
12.905811623246493	,2.8784313754967883
12.95190380761523	,2.8798108502354722
12.997995991983966	,2.8811168354233843
13.044088176352705	,2.8823444608095485
13.090180360721442	,2.8834889935020698
13.13627254509018	,2.8845458398002393
13.182364729458918	,2.885510546913217
13.228456913827655	,2.8863788045684657
13.274549098196392	,2.8871464465052554
13.320641282565129	,2.8878094518583453
13.366733466933868	,2.888363946429074
13.412825651302605	,2.888806203841824
13.458917835671341	,2.889132646591733
13.50501002004008	,2.8893398469761564
13.551102204408817	,2.8894245279233033
13.597194388777554	,2.8893835636961214
13.643286573146291	,2.8892139804985675
13.68937875751503	,2.8889129569638925
13.735470941883767	,2.8884778245358333
13.781563126252504	,2.8879060677397916
13.827655310621243	,2.8871953243472674
13.87374749498998	,2.886343385430038
13.919839679358716	,2.8853481953117566
13.965931863727453	,2.8842078514071687
14.012024048096192	,2.8829206039648128
14.05811623246493	,2.8814848556976784
14.104208416833666	,2.8798991613175815
14.150300601202405	,2.878162226962715
14.196392785571142	,2.8762729095294617
14.242484969939879	,2.874230215900681
14.288577154308616	,2.8720333020795294
14.334669338677354	,2.86968147222494
14.380761523046091	,2.8671741775921404
14.426853707414828	,2.8645110153796125
14.472945891783567	,2.861691727485784
14.519038076152304	,2.8587161991708783
14.565130260521041	,2.8555844576355085
14.611222444889778	,2.852296670507613
14.657314629258517	,2.848853144245439
14.703406813627254	,2.8452543224562845
14.74949899799599	,2.841500784135391
14.79559118236473	,2.8375932418208194
14.841683366733466	,2.8335325396741524
14.887775551102203	,2.829319651481896
14.93386773547094	,2.824955678585141
14.97995991983968	,2.820441847733072
15.026052104208416	,2.8157795088703494
15.072144288577153	,2.810970132853136
15.118236472945892	,2.806015309101383
15.164328657314629	,2.800916743184281
15.210420841683366	,2.7956762543458353
15.256513026052103	,2.7902957729701114
15.302605210420841	,2.7847773379887997
15.348697394789578	,2.779123094233043
15.394789579158315	,2.7733352897318753
15.440881763527054	,2.767416272962521
15.486973947895791	,2.7613684900475235
15.533066132264528	,2.75519448190893
15.579158316633265	,2.7488968813774406
15.625250501002004	,2.7424784102595297
15.67134268537074	,2.7359418763654872
15.717434869739478	,2.729290170500043
15.763527054108216	,2.722526263419482
15.809619238476953	,2.7156532027540052
15.85571142284569	,2.708674109902745
15.901803607214427	,2.7015921768986146
15.947895791583166	,2.69441066324967
15.993987975951903	,2.6871328927565656
16.04008016032064	,2.67976225031002
16.086172344689377	,2.6723021786686374
16.132264529058116	,2.6647561752226494
16.178356713426854	,2.657127788742244
16.22444889779559	,2.6494206161161244
16.27054108216433	,2.6416382990801424
16.316633266533064	,2.6337845209388675
16.362725450901802	,2.625863003285339
16.40881763527054	,2.617877502714208
16.454909819639276	,2.6098318075396776
16.501002004008015	,2.6017297345125954
16.547094188376754	,2.59357512554422
16.59318637274549	,2.5853718444353646
16.639278557114228	,2.577123773616279
16.685370741482966	,2.568834810894593
16.7314629258517	,2.560508866220772
16.77755511022044	,2.5521498584655546
16.82364729458918	,2.543761712217126
16.869739478957914	,2.535348354596934
16.915831663326653	,2.5269137120952863
16.961923847695388	,2.5184617074364724
17.008016032064127	,2.509996256461264
17.054108216432866	,2.501521265044758
17.1002004008016	,2.493040626037441
17.14629258517034	,2.484558216242199
17.19238476953908	,2.4760778934214756
17.238476953907814	,2.4676034933412154
17.284569138276552	,2.459138826850534
17.33066132264529	,2.4506876769996637
17.376753507014026	,2.4422537961992106
17.422845691382765	,2.433840903421199
17.468937875751504	,2.4254526814408806
17.51503006012024	,2.4170927741269352
17.561122244488978	,2.408764783776647
17.607214428857713	,2.40047226849876
17.65330661322645	,2.392218739646083
17.69939879759519	,2.3840076592993853
17.745490981963925	,2.3758424378025467
17.791583166332664	,2.367726431351599
17.837675350701403	,2.359662939638824
17.883767535070138	,2.35165520355244
17.929859719438877	,2.3437064029339183
17.975951903807616	,2.335819654391571
18.02204408817635	,2.327998009176298
18.06813627254509	,2.3202444511154994
18.11422845691383	,2.3125618946098
18.160320641282564	,2.3049531826898715
18.206412825651302	,2.297421085139277
18.252505010020037	,2.289968296678424
18.298597194388776	,2.2825974352148535
18.344689378757515	,2.2753110401585275
18.39078156312625	,2.2681115708032564
18.43687374749499	,2.2610014047746745
18.482965931863728	,2.253982836546271
18.529058116232463	,2.2470580760214744
18.5751503006012	,2.24022924718669
18.62124248496994	,2.2334983868307745
18.667334669338675	,2.2268674433347826
18.713426853707414	,2.220338275531418
18.759519038076153	,2.213912651632995
18.805611222444888	,2.2075922482313928
18.851703406813627	,2.2013786493658927
18.897795591182362	,2.1952733456630114
18.9438877755511	,2.1892777335468736
18.98997995991984	,2.1833931145177417
19.036072144288575	,2.177620694504398
19.082164328657313	,2.171961583284471
19.128256513026052	,2.1664167939754293
19.174348697394787	,2.160987242596889
19.220440881763526	,2.1556737477014707
19.266533066132265	,2.1504770300764022
19.312625250501	,2.145397712513926
19.35871743486974	,2.140436319650888
19.404809619238478	,2.135593277878229
19.450901803607213	,2.1308689153170235
19.49699398797595	,2.126263461863431
19.543086172344687	,2.121777049300789
19.589178356713425	,2.1174097114794534
19.635270541082164	,2.113161384560783
19.6813627254509	,2.1090319073295234
19.727454909819638	,2.1050210215683762
19.773547094188377	,2.1011283724995167
19.819639278557112	,2.0973535092882116
19.86573146292585	,2.0936958856087386
19.91182364729459	,2.090154860273799
19.957915831663325	,2.086729697924568
20.004008016032063	,2.0834195697801476
20.050100200400802	,2.080223554447585
20.096192384769537	,2.0771406387895723
20.142284569138276	,2.0741697188503565
20.18837675350701	,2.0713096008365426
20.23446893787575	,2.068559002156576
20.28056112224449	,2.0659165525098473
20.326653306613224	,2.0633807950337797
20.372745490981963	,2.060950187499998
20.4188376753507	,2.0586231035631215
20.464929859719437	,2.056397834058572
20.511022044088175	,2.0542725883491784
20.557114228456914	,2.052245495719788
20.60320641282565	,2.0503146068179916
20.649298597194388	,2.048477895138859
20.695390781563127	,2.046733258554667
20.741482965931862	,2.0450785208865625
20.7875751503006	,2.0435114335168407
20.833667334669336	,2.0420296770415973
20.879759519038075	,2.040630862961706
20.925851703406813	,2.0393125354107156
20.97194388777555	,2.0380721729181204
21.018036072144287	,2.0369071902080833
21.064128256513026	,2.0358149400296384
21.11022044088176	,2.0347927150187815
21.1563126252505	,2.033837749592294
21.20240480961924	,2.0329472218671327
21.248496993987974	,2.0321182556096744
21.294589178356713	,2.0313479222099033
21.34068136272545	,2.030633242679187
21.386773547094187	,2.029971189672011
21.432865731462925	,2.0293586895291895
21.47895791583166	,2.0287926243395447
21.5250501002004	,2.028269834022012
21.571142284569138	,2.027787118423632
21.617234468937873	,2.027341239433042
21.663326653306612	,2.0269289231098213
21.70941883767535	,2.0265468618235047
21.755511022044086	,2.02619171640697
21.801603206412825	,2.0258601183174108
21.847695390781563	,2.0255486718065754
21.8937875751503	,2.0252539560983394
21.939879759519037	,2.024972527570526
21.985971943887776	,2.024700921941985
22.03206412825651	,2.024435656461648
22.07815631262525	,2.0241732320989314
22.124248496993985	,2.023910135734269
22.170340681362724	,2.0236428423478543
22.216432865731463	,2.0233678172057665
22.262525050100198	,2.023081518041195
22.308617234468937	,2.022780397231287
22.354709418837675	,2.02246090396568
22.40080160320641	,2.0221194864077177
22.44689378757515	,2.0217525938460454
22.492985971943888	,2.0213566788347492
22.539078156312623	,2.0209281993226966
22.585170340681362	,2.020463620768041
22.6312625250501	,2.019959418239253
22.677354709418836	,2.019412078500025
22.723446893787575	,2.0188181020775886
22.76953907815631	,2.0181740053118205
22.81563126252505	,2.017476322386912
22.861723446893787	,2.016721607340955
22.907815631262523	,2.015906436055076
22.95390781563126	,2.015027408219467
23.0	,2.014081149276464
