0.0	,3.083237083772154
0.04609218436873747	,3.0838526062036835
0.09218436873747494	,3.0844255532266116
0.13827655310621242	,3.0849565742220184
0.1843687374749499	,3.0854463183116168
0.23046092184368736	,3.085895434134118
0.27655310621242485	,3.0863045696227656
0.3226452905811623	,3.086674371784317
0.3687374749498998	,3.0870054864793373
0.41482965931863724	,3.0872985582041443
0.4609218436873747	,3.0875542298742893
0.5070140280561122	,3.08777314260975
0.5531062124248497	,3.0879559355219994
0.5991983967935871	,3.0881032455028445
0.6452905811623246	,3.0882157070153817
0.691382765531062	,3.0882939518869263
0.7374749498997996	,3.0883386091041274
0.7835671342685371	,3.0883503046103185
0.8296593186372745	,3.0883296611052287
0.875751503006012	,3.0882772978470534
0.9218436873747494	,3.088193830457056
0.9679358717434869	,3.088079870726739
1.0140280561122244	,3.087936026427668
1.0601202404809618	,3.0877629011240093
1.1062124248496994	,3.0875610939879325
1.1523046092184368	,3.0873311996178607
1.1983967935871742	,3.0870738078596873
1.2444889779559118	,3.086789503631053
1.2905811623246493	,3.086478866748716
1.3366733466933867	,3.0861424717591115
1.382765531062124	,3.0857808877721484
1.4288577154308617	,3.0853946782983437
1.4749498997995991	,3.0849844010893346
1.5210420841683365	,3.084550607981813
1.5671342685370742	,3.084093844744982
1.6132264529058116	,3.083614650931615
1.659318637274549	,3.083113559732701
1.7054108216432864	,3.082591097835814
1.751503006012024	,3.0820477852871324
1.7975951903807614	,3.0814841353574365
1.8436873747494988	,3.0809006544117237
1.8897795591182365	,3.080297841782897
1.9358717434869739	,3.079676189649325
1.9819639278557113	,3.079036182916392
2.0280561122244487	,3.0783782991020785
2.074148296593186	,3.077703008226641
2.1202404809619235	,3.0770107727063896
2.1663326653306614	,3.076302047251589
2.212424849699399	,3.0755772787686206
2.258517034068136	,3.0748369062662793
2.3046092184368736	,3.0740813607663715
2.350701402805611	,3.073311065218599
2.3967935871743484	,3.0725264344197063
2.442885771543086	,3.071727874937005
2.4889779559118237	,3.0709157850362216
2.535070140280561	,3.070090554613778
2.5811623246492985	,3.0692525651333393
2.627254509018036	,3.0684021895669367
2.6733466933867733	,3.0675397923403516
2.7194388777555107	,3.066665729283077
2.765531062124248	,3.0657803475826317
2.811623246492986	,3.064883985743309
2.8577154308617234	,3.063976973549487
2.903807615230461	,3.0630596320332826
2.9498997995991982	,3.0621322734467094
2.9959919839679356	,3.061195201238318
3.042084168336673	,3.0602487100342435
3.0881763527054105	,3.059293085623689
3.1342685370741483	,3.0583286049489082
3.1803607214428857	,3.057355536099557
3.226452905811623	,3.0563741383114422
3.2725450901803605	,3.055384661969744
3.318637274549098	,3.0543873486165074
3.3647294589178354	,3.05338243096259
3.410821643286573	,3.052370132903889
3.4569138276553106	,3.051350669541861
3.503006012024048	,3.050324247208404
3.5490981963927855	,3.0492910634948878
3.595190380761523	,3.0482513072854927
3.6412825651302603	,3.0472051587947084
3.6873747494989977	,3.046152789608958
3.733466933867735	,3.04509436273237
3.779559118236473	,3.0440300326366407
3.8256513026052104	,3.0429599453148892
3.8717434869739478	,3.0418842383395153
3.917835671342685	,3.0408030409240387
3.9639278557114226	,3.0397164739887645
4.01002004008016	,3.0386246502303864
4.056112224448897	,3.0375276741952995
4.102204408817635	,3.036425642356699
4.148296593186372	,3.0353186431953465
4.19438877755511	,3.0342067572839757
4.240480961923847	,3.033090057375292
4.286573146292585	,3.0319686084933997
4.332665330661323	,3.030842468028745
4.37875751503006	,3.0297116858364412
4.424849699398798	,3.028576304337822
4.4709418837675345	,3.027436358625372
4.517034068136272	,3.02629187657067
4.563126252505009	,3.025142878935597
4.609218436873747	,3.0239893794864727
4.655310621242485	,3.0228313851111475
4.701402805611222	,3.021668895939037
4.74749498997996	,3.0205019054639037
4.793587174348697	,3.01933040066938
4.839679358717435	,3.018154362157126
4.885771543086172	,3.016973764277544
4.9318637274549095	,3.015788575263025
4.977955911823647	,3.0145987573634767
5.024048096192384	,3.013404266984263
5.070140280561122	,3.012205054826355
5.116232464929859	,3.011001066028521
5.162324649298597	,3.0097922403116835
5.208416833667334	,3.0085785121251716
5.254509018036072	,3.0073598107948234
5.30060120240481	,3.0061360606728975
5.346693386773547	,3.0049071812896626
5.3927855711422845	,3.0036730875065505
5.4388777555110215	,3.002433689670825
5.484969939879759	,3.001188893771626
5.531062124248496	,2.9999386015973823
5.577154308617234	,2.998682710894318
5.623246492985972	,2.9974211155262167
5.669338677354709	,2.996153705635044
5.715430861723447	,2.994880367802614
5.761523046092184	,2.9936009852130487
5.807615230460922	,2.992315437815877
5.853707414829659	,2.9910236024898866
5.8997995991983965	,2.9897253532073704
5.945891783567134	,2.9884205611989367
5.991983967935871	,2.9871090951185035
6.038076152304609	,2.985790821208647
6.084168336673346	,2.9844656034659836
6.130260521042084	,2.9831333038066608
6.176352705410821	,2.981793782231723
6.222444889779559	,2.9804468969923326
6.268537074148297	,2.9790925047547363
6.314629258517034	,2.977730460764847
6.3607214428857715	,2.976360619012385
6.406813627254508	,2.9749828323944447
6.452905811623246	,2.973596952878419
6.498997995991983	,2.9722028316641507
6.545090180360721	,2.9708003193452948
6.591182364729459	,2.9693892660696433
6.637274549098196	,2.9679695216984805
6.683366733466934	,2.966540935964825
6.729458917835671	,2.965103358630351
6.775551102204409	,2.9636566396410977
6.821643286573146	,2.96220062928172
6.867735470941883	,2.960735178328201
6.913827655310621	,2.9592601381990873
6.959919839679358	,2.957775361104892
7.006012024048096	,2.9562807001959013
7.052104208416833	,2.9547760097079734
7.098196392785571	,2.9532611451064823
7.144288577154308	,2.9517359632282614
7.190380761523046	,2.950200322421342
7.236472945891784	,2.9486540826826015
7.2825651302605205	,2.947097105793113
7.328657314629258	,2.945529255451129
7.374749498997995	,2.9439503974026247
7.420841683366733	,2.9423603995694227
7.46693386773547	,2.9407591321746525
7.513026052104208	,2.9391464678656134
7.559118236472946	,2.9375222818338877
7.605210420841683	,2.9358864519326837
7.651302605210421	,2.9342388587913275
7.697394789579158	,2.9325793859267977
7.7434869739478955	,2.9309079198523005
7.7895791583166325	,2.9292243501827926
7.83567134268537	,2.9275285697373663
7.881763527054108	,2.925820474638496
7.927855711422845	,2.9240999644080166
7.973947895791583	,2.9223669420598637
8.02004008016032	,2.9206213141894457
8.066132264529058	,2.91886299105961
8.112224448897795	,2.9170918866832194
8.158316633266532	,2.9153079189022093
8.20440881763527	,2.913511009463098
8.250501002004007	,2.9117010840889845
8.296593186372744	,2.9098780725478557
8.342685370741483	,2.9080419087172853
8.38877755511022	,2.9061925306454475
8.434869739478957	,2.9043298806083597
8.480961923847694	,2.9024539051633993
8.527054108216433	,2.900564555199064
8.57314629258517	,2.8986617859808512
8.619238476953907	,2.8967455571933165
8.665330661322646	,2.894815832978321
8.711422845691382	,2.8928725819693
8.75751503006012	,2.8909157773217222
8.803607214428856	,2.888945396739563
8.849699398797595	,2.8869614224978606
8.895791583166332	,2.884963841461356
8.941883767535069	,2.882952645099112
8.987975951903808	,2.880927829495261
9.034068136272545	,2.878889395355702
9.080160320641282	,2.876837348010873
9.126252505010019	,2.874771697414545
9.172344689378757	,2.872692458138662
9.218436873747494	,2.870599649364182
9.264529058116231	,2.8684932948680157
9.31062124248497	,2.866373423005974
9.356713426853707	,2.864240066691829
9.402805611222444	,2.862093263372408
9.448897795591181	,2.8599330549988267
9.49498997995992	,2.857759487993808
9.541082164328657	,2.855572613215183
9.587174348697394	,2.8533724859154956
9.633266533066132	,2.8511591656978394
9.67935871743487	,2.8489327164679072
9.725450901803606	,2.8466932063822727
9.771543086172343	,2.8444407077929537
9.817635270541082	,2.8421752971882994
9.863727454909819	,2.8398970551302383
9.909819639278556	,2.837606066187881
9.955911823647295	,2.8353024188676064
10.002004008016032	,2.8329862055395725
10.048096192384769	,2.830657522360806
10.094188376753506	,2.8283164691947995
10.140280561122244	,2.8259631495277926
10.186372745490981	,2.8235976703816728
10.232464929859718	,2.82122014222365
10.278557114228457	,2.818830678872662
10.324649298597194	,2.816429397402687
10.370741482965931	,2.8140164180428866
10.416833667334668	,2.8115918640747513
10.462925851703407	,2.809155861726283
10.509018036072144	,2.8067085400632528
10.55511022044088	,2.8042500308776117
10.60120240480962	,2.801780468573125
10.647294589178356	,2.79929999004834
10.693386773547093	,2.796808734576931
10.73947895791583	,2.794306843685394
10.785571142284569	,2.791794461028413
10.831663326653306	,2.7892717322617018
10.877755511022043	,2.7867388049126016
10.923847695390782	,2.784195828248385
10.969939879759519	,2.781642953142427
11.016032064128256	,2.779080331938321
11.062124248496993	,2.77650811831195
11.108216432865731	,2.7739264671316928
11.154308617234468	,2.771335534316796
11.200400801603205	,2.768735476694017
11.246492985971944	,2.766126451852637
11.292585170340681	,2.7635086179978954
11.338677354709418	,2.7608821338029856
11.384769539078155	,2.7582471582596964
11.430861723446894	,2.755603850527718
11.47695390781563	,2.75295236978286
11.523046092184368	,2.750292875064101
11.569138276553106	,2.7476255251196955
11.615230460921843	,2.7449504782523926
11.66132264529058	,2.7422678921637966
11.707414829659317	,2.739577923798124
11.753507014028056	,2.736880729185278
11.799599198396793	,2.7341764632834873
11.84569138276553	,2.7314652798214794
11.891783567134269	,2.7287473311404176
11.937875751503006	,2.726022768035578
11.983967935871743	,2.7232917395979754
12.03006012024048	,2.720554393055941
12.076152304609218	,2.717810873616866
12.122244488977955	,2.715061324309038
12.168336673346692	,2.712305885823895
12.214428857715431	,2.709544696358635
12.260521042084168	,2.706777891459281
12.306613226452905	,2.7040056038644353
12.352705410821642	,2.701227963349673
12.39879759519038	,2.698445096572774
12.444889779559118	,2.6956571269198424
12.490981963927855	,2.6928641743524393
12.537074148296593	,2.6900663552558
12.58316633266533	,2.6872637822882908
12.629258517034067	,2.684456564232123
12.675350701402804	,2.6816448058454823
12.721442885771543	,2.678828607716177
12.76753507014028	,2.676008066116812
12.813627254509017	,2.673183272861736
12.859719438877756	,2.670354315165678
12.905811623246493	,2.6675212755043436
12.95190380761523	,2.6646842314769144
12.997995991983966	,2.661843255670634
13.044088176352705	,2.658998415527569
13.090180360721442	,2.6561497732135324
13.13627254509018	,2.653297385489454
13.182364729458918	,2.650441303585027
13.228456913827655	,2.6475815730750307
13.274549098196392	,2.644718233758035
13.320641282565129	,2.6418513195379836
13.366733466933868	,2.638980858308387
13.412825651302605	,2.6361068718394187
13.458917835671341	,2.6332293756678897
13.50501002004008	,2.6303483789902833
13.551102204408817	,2.6274638845587823
13.597194388777554	,2.624575888580478
13.643286573146291	,2.621684380619814
13.68937875751503	,2.6187893435043064
13.735470941883767	,2.6158907532335918
13.781563126252504	,2.6129885788919998
13.827655310621243	,2.6100827825644703
13.87374749498998	,2.607173319256221
13.919839679358716	,2.604260136815859
13.965931863727453	,2.6013431758623
14.012024048096192	,2.598422369715364
14.05811623246493	,2.595497644330206
14.104208416833666	,2.5925689182355875
14.150300601202405	,2.589636102476065
14.196392785571142	,2.5866991005581124
14.242484969939879	,2.5837578084002812
14.288577154308616	,2.5808121142874167
14.334669338677354	,2.5778618988289437
14.380761523046091	,2.574907034921284
14.426853707414828	,2.5719473877145664
14.472945891783567	,2.5689828145833697
14.519038076152304	,2.566013165101861
14.565130260521041	,2.563038281023201
14.611222444889778	,2.560057996263214
14.657314629258517	,2.5570721368884612
14.703406813627254	,2.554080521108631
14.74949899799599	,2.5510829592733986
14.79559118236473	,2.548079253873655
14.841683366733466	,2.5450691995471666
14.887775551102203	,2.542052583088715
14.93386773547094	,2.539029183464737
14.97995991983968	,2.5359987718323245
15.026052104208416	,2.5329611115628987
15.072144288577153	,2.529915958270208
15.118236472945892	,2.5268630598429516
15.164328657314629	,2.5238021564818114
15.210420841683366	,2.5207329807410894
15.256513026052103	,2.517655257574758
15.302605210420841	,2.514568704387055
15.348697394789578	,2.511473031087579
15.394789579158315	,2.508367940150818
15.440881763527054	,2.5052531266801727
15.486973947895791	,2.5021282784764467
15.533066132264528	,2.4989930761107364
15.579158316633265	,2.4958471930018016
15.625250501002004	,2.4926902954977006
15.67134268537074	,2.4895220429619767
15.717434869739478	,2.4863420878640103
15.763527054108216	,2.483150075873812
15.809619238476953	,2.479945645961025
15.85571142284569	,2.4767284304982007
15.901803607214427	,2.4734980553683092
15.947895791583166	,2.47025414007633
15.993987975951903	,2.4669962978651387
16.04008016032064	,2.4637241358353017
16.086172344689377	,2.460437255069038
16.132264529058116	,2.457135250758134
16.178356713426854	,2.4538177123358187
16.22444889779559	,2.4504842236124844
16.27054108216433	,2.447134362915334
16.316633266533064	,2.443767703231737
16.362725450901802	,2.4403838123563366
16.40881763527054	,2.4369822530418674
16.454909819639276	,2.4335625831534724
16.501002004008015	,2.4301243558266643
16.547094188376754	,2.4266671196286964
16.59318637274549	,2.4231904187233937
16.639278557114228	,2.419693793039219
16.685370741482966	,2.416176778440731
16.7314629258517	,2.41263890690312
16.77755511022044	,2.4090797066899277
16.82364729458918	,2.4054987025337713
16.869739478957914	,2.4018954158200145
16.915831663326653	,2.3982693647733617
16.961923847695388	,2.394620064647198
17.008016032064127	,2.390947027915647
17.054108216432866	,2.3872497644682915
17.1002004008016	,2.383527781807376
17.14629258517034	,2.3797805852475107
17.19238476953908	,2.376007678117711
17.238476953907814	,2.372208561965702
17.284569138276552	,2.3683827367643953
17.33066132264529	,2.364529701120508
17.376753507014026	,2.3606489524850636
17.422845691382765	,2.3567399873658927
17.468937875751504	,2.3528023015418738
17.51503006012024	,2.3488353902788934
17.561122244488978	,2.3448387485473465
17.607214428857713	,2.3408118712412724
17.65330661322645	,2.3367542533987327
17.69939879759519	,2.332665390423602
17.745490981963925	,2.328544778308468
17.791583166332664	,2.3243919138587295
17.837675350701403	,2.3202062949175586
17.883767535070138	,2.3159874205918474
17.929859719438877	,2.311734791478877
17.975951903807616	,2.307447909893659
18.02204408817635	,2.303126280096935
18.06813627254509	,2.298769408523476
18.11422845691383	,2.2943768040109087
18.160320641282564	,2.289947978028648
18.206412825651302	,2.2854824449070597
18.252505010020037	,2.280979722066621
18.298597194388776	,2.27643933024704
18.344689378757515	,2.2718607937361295
18.39078156312625	,2.2672436405984513
18.43687374749499	,2.262587402903566
18.482965931863728	,2.257891616953717
18.529058116232463	,2.253155823510976
18.5751503006012	,2.2483795680236294
18.62124248496994	,2.243562400851766
18.667334669338675	,2.238703877491892
18.713426853707414	,2.2338035588005702
18.759519038076153	,2.2288610112168614
18.805611222444888	,2.223875806983564
18.851703406813627	,2.218847524367037
18.897795591182362	,2.2137757478756876
18.9438877755511	,2.208660068476749
18.98997995991984	,2.203500083811492
19.036072144288575	,2.19829539840869
19.082164328657313	,2.1930456238961398
19.128256513026052	,2.187750379210288
19.174348697394787	,2.1824092908037573
19.220440881763526	,2.1770219928507055
19.266533066132265	,2.1715881274499975
19.312625250501	,2.166107344825893
19.35871743486974	,2.1605793035264265
19.404809619238478	,2.1550036706191245
19.450901803607213	,2.1493801218841715
19.49699398797595	,2.143708342004793
19.543086172344687	,2.137988024754841
19.589178356713425	,2.132218873183491
19.635270541082164	,2.126400599796903
19.6813627254509	,2.120532926736822
19.727454909819638	,2.114615585956038
19.773547094188377	,2.1086483193905563
19.819639278557112	,2.1026308791284523
19.86573146292585	,2.096563027575329
19.91182364729459	,2.090444537616261
19.957915831663325	,2.0842751927742307
20.004008016032063	,2.0780547873648274
20.050100200400802	,2.0717831266473263
20.096192384769537	,2.065460026971916
20.142284569138276	,2.0590853159231486
20.18837675350701	,2.052658832459378
20.23446893787575	,2.0461804270482435
20.28056112224449	,2.0396499617981503
20.326653306613224	,2.033067310585581
20.372745490981963	,2.0264323591782247
20.4188376753507	,2.0197450053539265
20.464929859719437	,2.013005159015285
20.511022044088175	,2.0062127422999794
20.557114228456914	,1.9993676896866273
20.60320641282565	,1.992469948096244
20.649298597194388	,1.9855194769891842
20.695390781563127	,1.9785162484575967
20.741482965931862	,1.9714602473132148
20.7875751503006	,1.964351471170569
20.833667334669336	,1.9571899305255647
20.879759519038075	,1.9499756488292963
20.925851703406813	,1.9427086625571768
20.97194388777555	,1.9353890212732647
21.018036072144287	,1.9280167876898364
21.064128256513026	,1.920592037722061
21.11022044088176	,1.9131148605379238
21.1563126252505	,1.9055853586031688
21.20240480961924	,1.8980036477214215
21.248496993987974	,1.8903698570693592
21.294589178356713	,1.8826841292269476
21.34068136272545	,1.8749466202027456
21.386773547094187	,1.8671574994542421
21.432865731462925	,1.8593169499032278
21.47895791583166	,1.8514251679461902
21.5250501002004	,1.8434823634596924
21.571142284569138	,1.83548875980083
21.617234468937873	,1.827444593802647
21.663326653306612	,1.8193501157645944
21.70941883767535	,1.8112055894379964
21.755511022044086	,1.8030112920065413
21.801603206412825	,1.79476751406182
21.847695390781563	,1.7864745595738762
21.8937875751503	,1.7781327458568459
21.939879759519037	,1.7697424035296718
21.985971943887776	,1.7613038764718523
22.03206412825651	,1.752817521774361
22.07815631262525	,1.7442837096856865
22.124248496993985	,1.735702823552983
22.170340681362724	,1.7270752597584043
22.216432865731463	,1.718401427650769
22.262525050100198	,1.7096817494722387
22.308617234468937	,1.7009166602804688
22.354709418837675	,1.6921066078659708
22.40080160320641	,1.683252052664816
22.44689378757515	,1.674353467666739
22.492985971943888	,1.665411338318676
22.539078156312623	,1.6564261624236867
22.585170340681362	,1.6473984500355296
22.6312625250501	,1.6383287233486001
22.677354709418836	,1.6292175165836351
22.723446893787575	,1.6200653758689842
22.76953907815631	,1.610872859117598
22.81563126252505	,1.6016405358997892
22.861723446893787	,1.592368987311776
22.907815631262523	,1.5830588058401212
22.95390781563126	,1.5737105952220904
23.0	,1.5643249703020103
