0.0	,3.071740110808218
0.04609218436873747	,3.096921796459942
0.09218436873747494	,3.1218340352064846
0.13827655310621242	,3.146473769794875
0.1843687374749499	,3.1708380154219764
0.23046092184368736	,3.1949238605796397
0.27655310621242485	,3.218728467873815
0.3226452905811623	,3.2422490748159665
0.3687374749498998	,3.2654829945878765
0.41482965931863724	,3.2884276167788555
0.4609218436873747	,3.3110804080946195
0.5070140280561122	,3.333438913038384
0.5531062124248497	,3.355500754563264
0.5991983967935871	,3.3772636346953506
0.6452905811623246	,3.398725335128738
0.691382765531062	,3.419883717789814
0.7374749498997996	,3.4407367253728456
0.7835671342685371	,3.4612823818451224
0.8296593186372745	,3.4815187929222295
0.875751503006012	,3.501444146512607
0.9218436873747494	,3.5210567131317667
0.9679358717434869	,3.5403548462857803
1.0140280561122244	,3.5593369828232473
1.0601202404809618	,3.578001643256804
1.1062124248496994	,3.596347432053168
1.1523046092184368	,3.6143730378912324
1.1983967935871742	,3.6320772338894223
1.2444889779559118	,3.6494588778006385
1.2905811623246493	,3.6665169121759433
1.3366733466933867	,3.6832503644964665
1.382765531062124	,3.6996583472726563
1.4288577154308617	,3.7157400581128823
1.4749498997995991	,3.731494779758716
1.5210420841683365	,3.746921880089213
1.5671342685370742	,3.762020812092475
1.6132264529058116	,3.7767911138061923
1.659318637274549	,3.791232408224844
1.7054108216432864	,3.8053444031765453
1.751503006012024	,3.819126891166646
1.7975951903807614	,3.8325797491906206
1.8436873747494988	,3.8457029385145467
1.8897795591182365	,3.85849650442449
1.9358717434869739	,3.870960575944151
1.9819639278557113	,3.8830953655212097
2.0280561122244487	,3.8949011686824124
2.074148296593186	,3.9063783636583675
2.1202404809619235	,3.9175274109759264
2.1663326653306614	,3.928348853021682
2.212424849699399	,3.9388433135739906
2.258517034068136	,3.949011497304914
2.3046092184368736	,3.958854189252591
2.350701402805611	,3.9683722542633193
2.3967935871743484	,3.977566636404539
2.442885771543086	,3.986438358348776
2.4889779559118237	,3.9949885207282887
2.535070140280561	,4.003218301461539
2.5811623246492985	,4.011128955051059
2.627254509018036	,4.0187218118536805
2.6733466933867733	,4.025998277323232
2.7194388777555107	,4.032959831225776
2.765531062124248	,4.03960802682829
2.811623246492986	,4.045944490060609
2.8577154308617234	,4.051970918651854
2.903807615230461	,4.057689081240663
2.9498997995991982	,4.063100816460615
2.9959919839679356	,4.068208032000732
3.042084168336673	,4.073012703642056
3.0881763527054105	,4.07751687426948
3.1342685370741483	,4.0817226528613215
3.1803607214428857	,4.085632213455461
3.226452905811623	,4.089247794092794
3.2725450901803605	,4.092571695739834
3.318637274549098	,4.09560628118855
3.3647294589178354	,4.098353973936704
3.410821643286573	,4.100817257047183
3.4569138276553106	,4.102998671987381
3.503006012024048	,4.104900817450327
3.5490981963927855	,4.106526348155989
3.595190380761523	,4.1078779736355635
3.6412825651302603	,4.108958456997632
3.6873747494989977	,4.109770613677754
3.733466933867735	,4.110317310171705
3.779559118236473	,4.110601462752822
3.8256513026052104	,4.110626036174818
3.8717434869739478	,4.110394042359339
3.917835671342685	,4.109908539070661
3.9639278557114226	,4.109172628576221
4.01002004008016	,4.1081894562953565
4.056112224448897	,4.1069622094357126
4.102204408817635	,4.10549411561848
4.148296593186372	,4.103788441492992
4.19438877755511	,4.101848491341689
4.240480961923847	,4.099677605675052
4.286573146292585	,4.097279159818402
4.332665330661323	,4.094656562491155
4.37875751503006	,4.09181325437749
4.424849699398798	,4.088752706691846
4.4709418837675345	,4.085478419737251
4.517034068136272	,4.081993921459482
4.563126252505009	,4.0783027659955655
4.609218436873747	,4.074408532218831
4.655310621242485	,4.070314822281086
4.701402805611222	,4.066025260151458
4.74749498997996	,4.061543490153975
4.793587174348697	,4.0568731755037
4.839679358717435	,4.05201799684218
4.885771543086172	,4.0469816507733904
4.9318637274549095	,4.041767848400046
4.977955911823647	,4.036380313862107
5.024048096192384	,4.030822782876436
5.070140280561122	,4.025099001280243
5.116232464929859	,4.019212723577823
5.162324649298597	,4.013167711490661
5.208416833667334	,4.006967732513559
5.254509018036072	,4.000616558475308
5.30060120240481	,3.994117964106095
5.346693386773547	,3.9874757256110804
5.3927855711422845	,3.9806936192519524
5.4388777555110215	,3.973775419936357
5.484969939879759	,3.9667248998155458
5.531062124248496	,3.959545826892037
5.577154308617234	,3.9522419636367916
5.623246492985972	,3.9448170656168378
5.669338677354709	,3.9372748801341975
5.715430861723447	,3.929619144876452
5.761523046092184	,3.9218535865795987
5.807615230460922	,3.913981919703885
5.853707414829659	,3.9060078451228017
5.8997995991983965	,3.8979350488267026
5.945891783567134	,3.8897672006400286
5.991983967935871	,3.8815079529546326
6.038076152304609	,3.8731609394781925
6.084168336673346	,3.864729773998697
6.130260521042084	,3.8562180491660136
6.176352705410821	,3.8476293352904203
6.222444889779559	,3.838967179158516
6.268537074148297	,3.8302351028681736
6.314629258517034	,3.8214366026807998
6.3607214428857715	,3.8125751478941114
6.406813627254508	,3.8036541797331402
6.452905811623246	,3.7946771102620387
6.498997995991983	,3.785647321316265
6.545090180360721	,3.776568163454998
6.591182364729459	,3.7674429549351807
6.637274549098196	,3.758274980707077
6.683366733466934	,3.74906749143198
6.729458917835671	,3.739823702521652
6.775551102204409	,3.7305467932011402
6.821643286573146	,3.721239905594143
6.867735470941883	,3.7119061438317993
6.913827655310621	,3.7025485731852235
6.959919839679358	,3.6931702192218605
7.006012024048096	,3.6837740669858086
7.052104208416833	,3.6743630602033956
7.098196392785571	,3.664940100512329
7.144288577154308	,3.655508046716914
7.190380761523046	,3.646069714067612
7.236472945891784	,3.636627873566435
7.2825651302605205	,3.6271852512978224
7.328657314629258	,3.6177445277853053
7.374749498997995	,3.6083083373737845
7.420841683366733	,3.598879267638488
7.46693386773547	,3.58945985881965
7.513026052104208	,3.58005260328349
7.559118236472946	,3.5706599450102696
7.605210420841683	,3.561284279107789
7.651302605210421	,3.5519279513525626
7.697394789579158	,3.542593257757076
7.7434869739478955	,3.5332824441639303
7.7895791583166325	,3.523997705866523
7.83567134268537	,3.514741187256819
7.881763527054108	,3.5055149814996023
7.927855711422845	,3.496321130233797
7.973947895791583	,3.4871616233002225
8.02004008016032	,3.478038398495838
8.066132264529058	,3.4689533413555385
8.112224448897795	,3.459908284959421
8.158316633266532	,3.450905009767124
8.20440881763527	,3.441945243478547
8.250501002004007	,3.4330306609207235
8.296593186372744	,3.424162883960613
8.342685370741483	,3.4153434814446397
8.38877755511022	,3.4065739691629062
8.434869739478957	,3.3978558098405456
8.480961923847694	,3.38919041315339
8.527054108216433	,3.3805791357695147
8.57314629258517	,3.3720232814156534
8.619238476953907	,3.363524100969071
8.665330661322646	,3.3550827925730733
8.711422845691382	,3.3467005017782503
8.75751503006012	,3.3383783217067524
8.803607214428856	,3.3301172932409018
8.849699398797595	,3.321918405235907
8.895791583166332	,3.3137825947548603
8.941883767535069	,3.3057107473278053
8.987975951903808	,3.2977036972331364
9.034068136272545	,3.2897622278009875
9.080160320641282	,3.2818870717394475
9.126252505010019	,3.274078911481882
9.172344689378757	,3.266338379555971
9.218436873747494	,3.2586660589736187
9.264529058116231	,3.2510624836415642
9.31062124248497	,3.243528138792002
9.356713426853707	,3.236063461433494
9.402805611222444	,3.2286688408209168
9.448897795591181	,3.221344618944619
9.49498997995992	,3.2140910910382425
9.541082164328657	,3.2069085061047713
9.587174348697394	,3.1997970674602385
9.633266533066132	,3.1927569332946253
9.67935871743487	,3.1857882172500127
9.725450901803606	,3.178890989014981
9.771543086172343	,3.1720652749346527
9.817635270541082	,3.16531105863705
9.863727454909819	,3.1586282816733124
9.909819639278556	,3.1520168441733993
9.955911823647295	,3.1454766055156935
10.002004008016032	,3.139007385009771
10.048096192384769	,3.132608962592422
10.094188376753506	,3.126281079536799
10.140280561122244	,3.1200234391725044
10.186372745490981	,3.1138357076185983
10.232464929859718	,3.1077175145262386
10.278557114228457	,3.101668453833649
10.324649298597194	,3.095688084528912
10.370741482965931	,3.089775931424577
10.416833667334668	,3.083931485939309
10.462925851703407	,3.078154206889683
10.509018036072144	,3.072443521288576
10.55511022044088	,3.0667988251519005
10.60120240480962	,3.0612194843117635
10.647294589178356	,3.0557048352365817
10.693386773547093	,3.050254185856361
10.73947895791583	,3.0448668163938755
10.785571142284569	,3.0395419802005192
10.831663326653306	,3.03427890459638
10.877755511022043	,3.0290767917143206
10.923847695390782	,3.023934819347127
10.969939879759519	,3.0188521417976144
11.016032064128256	,3.01382789073066
11.062124248496993	,3.008861176027519
11.108216432865731	,3.0039510866408925
11.154308617234468	,2.9990966914508643
11.200400801603205	,2.9942970401212805
11.246492985971944	,2.9895511639554173
11.292585170340681	,2.984858076751281
11.338677354709418	,2.980216775655666
11.384769539078155	,2.9756262420159443
11.430861723446894	,2.971085442230497
11.47695390781563	,2.9665933285955814
11.523046092184368	,2.962148840149766
11.569138276553106	,2.957750903514051
11.615230460921843	,2.953398433728627
11.66132264529058	,2.9490903350845095
11.707414829659317	,2.944825501950466
11.753507014028056	,2.9406028195946723
11.799599198396793	,2.93642116500002
11.84569138276553	,2.9322794076736267
11.891783567134269	,2.9281764104496277
11.937875751503006	,2.92411103028432
11.983967935871743	,2.920082119044744
12.03006012024048	,2.9160885242882877
12.076152304609218	,2.9121290900350196
12.122244488977955	,2.908202657530593
12.168336673346692	,2.9043080660004255
12.214428857715431	,2.900444153394699
12.260521042084168	,2.896609757123157
12.306613226452905	,2.892803714780113
12.352705410821642	,2.8890248648590777
12.39879759519038	,2.8852720474563984
12.444889779559118	,2.881544104964032
12.490981963927855	,2.8778398827508633
12.537074148296593	,2.874158229832659
12.58316633266533	,2.870497999529431
12.629258517034067	,2.8668580501110874
12.675350701402804	,2.8632372454307635
12.721442885771543	,2.859634455544718
12.76753507014028	,2.85604855731986
12.813627254509017	,2.8524784350278187
12.859719438877756	,2.848922980925722
12.905811623246493	,2.8453810958228445
12.95190380761523	,2.8418516896340567
12.997995991983966	,2.838333681918927
13.044088176352705	,2.8348260024061656
13.090180360721442	,2.83132759150444
13.13627254509018	,2.8278374007981455
13.182364729458918	,2.824354393528557
13.228456913827655	,2.8208775450599717
13.274549098196392	,2.817405843331219
13.320641282565129	,2.8139382892916913
13.366733466933868	,2.810473897322497
13.412825651302605	,2.8070116956420694
13.458917835671341	,2.8035507266964936
13.50501002004008	,2.800090047534262
13.551102204408817	,2.7966287301657475
13.597194388777554	,2.793165861906842
13.643286573146291	,2.7897005457071735
13.68937875751503	,2.7862319004624476
13.735470941883767	,2.7827590613112694
13.781563126252504	,2.779281179916418
13.827655310621243	,2.775797424730049
13.87374749498998	,2.7723069812437036
13.919839679358716	,2.7688090522221556
13.965931863727453	,2.765302857922146
14.012024048096192	,2.7617876362950797
14.05811623246493	,2.758262643174622
14.104208416833666	,2.7547271524484724
14.150300601202405	,2.7511804562148896
14.196392785571142	,2.7476218649239215
14.242484969939879	,2.7440507075034306
14.288577154308616	,2.740466331469685
14.334669338677354	,2.7368681030236175
14.380761523046091	,2.7332554071312165
14.426853707414828	,2.7296276475900996
14.472945891783567	,2.7259842470806444
14.519038076152304	,2.7223246472031892
14.565130260521041	,2.71864830850064
14.611222444889778	,2.714954710466749
14.657314629258517	,2.7112433515407144
14.703406813627254	,2.707513749087571
14.74949899799599	,2.7037654393652986
14.79559118236473	,2.6999979774779277
14.841683366733466	,2.6962109373159695
14.887775551102203	,2.6924039114834137
14.93386773547094	,2.6885765112117967
14.97995991983968	,2.684728366262026
15.026052104208416	,2.68085912481323
15.072144288577153	,2.6769684533400344
15.118236472945892	,2.6730560364774263
15.164328657314629	,2.6691215768740673
15.210420841683366	,2.66516479503424
15.256513026052103	,2.661185429148614
15.302605210420841	,2.657183234913731
15.348697394789578	,2.653157985341325
15.394789579158315	,2.649109470556951
15.440881763527054	,2.645037497588401
15.486973947895791	,2.640941890144674
15.533066132264528	,2.6368224883848432
15.579158316633265	,2.6326791486780543
15.625250501002004	,2.628511743354446
15.67134268537074	,2.6243201604473496
15.717434869739478	,2.620104303426926
15.763527054108216	,2.6158640909260606
15.809619238476953	,2.6115994564583165
15.85571142284569	,2.607310348128153
15.901803607214427	,2.602996728334446
15.947895791583166	,2.5986585734667402
15.993987975951903	,2.5942958735951027
16.04008016032064	,2.589908632153845
16.086172344689377	,2.5854968656192048
16.132264529058116	,2.581060603181215
16.178356713426854	,2.5765998864108655
16.22444889779559	,2.5721147689216792
16.27054108216433	,2.567605316026862
16.316633266533064	,2.5630716043923343
16.362725450901802	,2.55851372168536
16.40881763527054	,2.553931766219849
16.454909819639276	,2.5493258465979327
16.501002004008015	,2.5446960813487696
16.547094188376754	,2.5400425985643693
16.59318637274549	,2.5353655355332627
16.639278557114228	,2.5306650383716587
16.685370741482966	,2.525941261653255
16.7314629258517	,2.5211943680371025
16.77755511022044	,2.516424527894687
16.82364729458918	,2.5116319189358514
16.869739478957914	,2.5068167258342964
16.915831663326653	,2.5019791398525477
16.961923847695388	,2.4971193584675397
17.008016032064127	,2.4922375849957845
17.054108216432866	,2.487334028219511
17.1002004008016	,2.482408902014047
17.14629258517034	,2.4774624249755615
17.19238476953908	,2.4724948200511854
17.238476953907814	,2.4675063141701923
17.284569138276552	,2.4624971378775307
17.33066132264529	,2.4574675249697346
17.376753507014026	,2.452417712133059
17.422845691382765	,2.447347938584768
17.468937875751504	,2.4422584457174352
17.51503006012024	,2.4371494767463844
17.561122244488978	,2.432021276360995
17.607214428857713	,2.426874090379581
17.65330661322645	,2.421708165408697
17.69939879759519	,2.4165237485062097
17.745490981963925	,2.4113210868493002
17.791583166332664	,2.4061004274073348
17.837675350701403	,2.400862016619177
17.883767535070138	,2.3956061000760407
17.929859719438877	,2.3903329222097955
17.975951903807616	,2.3850427259865974
18.02204408817635	,2.3797357526064715
18.06813627254509	,2.3744122412086632
18.11422845691383	,2.3690724285834968
18.160320641282564	,2.363716548890043
18.206412825651302	,2.358344833380764
18.252505010020037	,2.3529575101324305
18.298597194388776	,2.347554803784041
18.344689378757515	,2.3421369352816086
18.39078156312625	,2.336704121630067
18.43687374749499	,2.331256575652521
18.482965931863728	,2.325794505756397
18.529058116232463	,2.3203181157078863
18.5751503006012	,2.3148276044130505
18.62124248496994	,2.309323165707429
18.667334669338675	,2.303804988152793
18.713426853707414	,2.2982732548424227
18.759519038076153	,2.292728143213836
18.805611222444888	,2.2871698248698777
18.851703406813627	,2.281598465407942
18.897795591182362	,2.2760142242573878
18.9438877755511	,2.2704172545250323
18.98997995991984	,2.2648077028493514
19.036072144288575	,2.2591857092627254
19.082164328657313	,2.253551407062318
19.128256513026052	,2.2479049226892656
19.174348697394787	,2.2422463756164426
19.220440881763526	,2.2365758782447447
19.266533066132265	,2.2308935358078035
19.312625250501	,2.2251994462852736
19.35871743486974	,2.219493700324673
19.404809619238478	,2.2137763811717797
19.450901803607213	,2.2080475646093802
19.49699398797595	,2.2023073189048237
19.543086172344687	,2.196555704765567
19.589178356713425	,2.1907927753037626
19.635270541082164	,2.1850185760086873
19.6813627254509	,2.1792331447280286
19.727454909819638	,2.173436511657094
19.773547094188377	,2.167628699336465
19.819639278557112	,2.161809722657985
19.86573146292585	,2.155979588878516
19.91182364729459	,2.1501382976421795
19.957915831663325	,2.144285841010319
20.004008016032063	,2.138422203499518
20.050100200400802	,2.1325473621272995
20.096192384769537	,2.1266612864657404
20.142284569138276	,2.1207639387025505
20.18837675350701	,2.1148552737098125
20.23446893787575	,2.1089352391200933
20.28056112224449	,2.103003775409853
20.326653306613224	,2.0970608159900195
20.372745490981963	,2.0911062873038464
20.4188376753507	,2.085140108931455
20.464929859719437	,2.0791621937013804
20.511022044088175	,2.0731724478086697
20.557114228456914	,2.067170770939722
20.60320641282565	,2.0611570564033155
20.649298597194388	,2.0551311912680994
20.695390781563127	,2.0490930565060843
20.741482965931862	,2.043042527142145
20.7875751503006	,2.036979472409289
20.833667334669336	,2.0309037559096232
20.879759519038075	,2.0248152357809026
20.925851703406813	,2.0187137648680693
20.97194388777555	,2.0125991909004277
21.018036072144287	,2.00647135667343
21.064128256513026	,2.0003301002354323
21.11022044088176	,1.994175255079094
21.1563126252505	,1.988006650337228
21.20240480961924	,1.9818241109828563
21.248496993987974	,1.9756274580336033
21.294589178356713	,1.9694165087597035
21.34068136272545	,1.9631910768960026
21.386773547094187	,1.9569509728573955
21.432865731462925	,1.9506960039576597
21.47895791583166	,1.944425974631411
21.5250501002004	,1.9381406866592208
21.571142284569138	,1.931839939395303
21.617234468937873	,1.9255235299980242
21.663326653306612	,1.9191912536627065
21.70941883767535	,1.9128429038566281
21.755511022044086	,1.906478272556262
21.801603206412825	,1.9000971504861504
21.847695390781563	,1.8936993273595384
21.8937875751503	,1.8872845921203982
21.939879759519037	,1.8808527331867886
21.985971943887776	,1.8744035386953577
22.03206412825651	,1.867936796746518
22.07815631262525	,1.8614522956505581
22.124248496993985	,1.8549498241741205
22.170340681362724	,1.8484291717870107
22.216432865731463	,1.841890128909231
22.262525050100198	,1.8353324871578973
22.308617234468937	,1.8287560395938307
22.354709418837675	,1.8221605809679566
22.40080160320641	,1.8155459079668574
22.44689378757515	,1.8089118194576983
22.492985971943888	,1.8022581167321121
22.539078156312623	,1.7955846037490666
22.585170340681362	,1.7888910873761414
22.6312625250501	,1.782177377629754
22.677354709418836	,1.7754432879132551
22.723446893787575	,1.7686886352535538
22.76953907815631	,1.761913240535561
22.81563126252505	,1.7551169287345942
22.861723446893787	,1.7482995291463386
22.907815631262523	,1.741460875614468
22.95390781563126	,1.7346008067555836
23.0	,1.7277191661812772
