0.0	,2.870540812885189
0.04609218436873747	,2.9399217588421376
0.09218436873747494	,3.0084371248435944
0.13827655310621242	,3.076077972996272
0.1843687374749499	,3.1428356406870175
0.23046092184368736	,3.2087017430634064
0.27655310621242485	,3.2736681754005392
0.3226452905811623	,3.3377271153637973
0.3687374749498998	,3.4008710251536707
0.41482965931863724	,3.4630926535404982
0.4609218436873747	,3.524385037785832
0.5070140280561122	,3.5847415054457303
0.5531062124248497	,3.644155676061862
0.5991983967935871	,3.702621462735646
0.6452905811623246	,3.7601330735800667
0.691382765531062	,3.8166850130605274
0.7374749498997996	,3.8722720832115707
0.7835671342685371	,3.926889384736877
0.8296593186372745	,3.9805323179876866
0.875751503006012	,4.033196583821926
0.9218436873747494	,4.0848781843415445
0.9679358717434869	,4.135573423507856
1.0140280561122244	,4.185278907638564
1.0601202404809618	,4.233991545778737
1.1062124248496994	,4.281708549952683
1.1523046092184368	,4.328427435289958
1.1983967935871742	,4.374146020034406
1.2444889779559118	,4.418862425427524
1.2905811623246493	,4.462575075467105
1.3366733466933867	,4.505282696549623
1.382765531062124	,4.546984316986843
1.4288577154308617	,4.587679266399045
1.4749498997995991	,4.627367174992106
1.5210420841683365	,4.666047972706954
1.5671342685370742	,4.703721888254439
1.6132264529058116	,4.740389448023737
1.659318637274549	,4.7760514748776455
1.7054108216432864	,4.810709086820709
1.751503006012024	,4.8443636955577976
1.7975951903807614	,4.877017004925971
1.8436873747494988	,4.908671009217854
1.8897795591182365	,4.939327991379506
1.9358717434869739	,4.968990521101164
1.9819639278557113	,4.997661452790069
2.0280561122244487	,5.025343923427404
2.074148296593186	,5.052041350317874
2.1202404809619235	,5.07775742872456
2.1663326653306614	,5.102496129393658
2.212424849699399	,5.126261695973845
2.258517034068136	,5.149058642322166
2.3046092184368736	,5.170891749709918
2.350701402805611	,5.191766063919131
2.3967935871743484	,5.211686892237694
2.442885771543086	,5.2306598003521545
2.4889779559118237	,5.248690609139954
2.535070140280561	,5.2657853913639325
2.5811623246492985	,5.281950468266466
2.627254509018036	,5.297192406074595
2.6733466933867733	,5.311518012403003
2.7194388777555107	,5.324934332573031
2.765531062124248	,5.337448645836062
2.811623246492986	,5.349068461511753
2.8577154308617234	,5.359801515039598
2.903807615230461	,5.369655763944946
2.9498997995991982	,5.378639383724202
2.9959919839679356	,5.386760763648903
3.042084168336673	,5.394028502493789
3.0881763527054105	,5.400451404185022
3.1342685370741483	,5.406038473378984
3.1803607214428857	,5.410798910966397
3.226452905811623	,5.414742109508907
3.2725450901803605	,5.417877648607414
3.318637274549098	,5.42021529020809
3.3647294589178354	,5.421764973842355
3.410821643286573	,5.42253681181057
3.4569138276553106	,5.422541084305364
3.503006012024048	,5.421788234482199
3.5490981963927855	,5.420288863474902
3.595190380761523	,5.418053725363114
3.6412825651302603	,5.415093722092333
3.6873747494989977	,5.4114198983449
3.733466933867735	,5.407043436374334
3.779559118236473	,5.401975650795006
3.8256513026052104	,5.396227983337268
3.8717434869739478	,5.38981199756456
3.917835671342685	,5.382739373562621
3.9639278557114226	,5.3750219025974335
4.01002004008016	,5.366671481742796
4.056112224448897	,5.357700108490627
4.102204408817635	,5.348119875333472
4.148296593186372	,5.337942964330388
4.19438877755511	,5.327181641658424
4.240480961923847	,5.315848252149403
4.286573146292585	,5.303955213812792
4.332665330661323	,5.29151501235652
4.37875751503006	,5.2785401956962925
4.424849699398798	,5.265043368468056
4.4709418837675345	,5.251037186535759
4.517034068136272	,5.236534351502584
4.563126252505009	,5.221547605229887
4.609218436873747	,5.206089724362455
4.655310621242485	,5.190173514864969
4.701402805611222	,5.173811806569782
4.74749498997996	,5.157017447745023
4.793587174348697	,5.139803299677658
4.839679358717435	,5.122182231276861
4.885771543086172	,5.104167113704921
4.9318637274549095	,5.08577081503463
4.977955911823647	,5.067006194930018
5.024048096192384	,5.047886099364519
5.070140280561122	,5.028423355370043
5.116232464929859	,5.0086307658241465
5.162324649298597	,4.988521104274522
5.208416833667334	,4.968107109807761
5.254509018036072	,4.947401481956078
5.30060120240481	,4.926416875658653
5.346693386773547	,4.905165896264059
5.3927855711422845	,4.883661094587538
5.4388777555110215	,4.86191496202045
5.484969939879759	,4.839939925693546
5.531062124248496	,4.817748343702901
5.577154308617234	,4.795352500387658
5.623246492985972	,4.772764601678809
5.669338677354709	,4.749996770503655
5.715430861723447	,4.727061042262569
5.761523046092184	,4.70396936037138
5.807615230460922	,4.680733571873288
5.853707414829659	,4.657365423123268
5.8997995991983965	,4.633876555549552
5.945891783567134	,4.610278501484724
5.991983967935871	,4.586582680081092
6.038076152304609	,4.562800393299449
6.084168336673346	,4.538942821984458
6.130260521042084	,4.515021022018499
6.176352705410821	,4.491045920561423
6.222444889779559	,4.467028312377909
6.268537074148297	,4.44297885624719
6.314629258517034	,4.418908071468962
6.3607214428857715	,4.394826334452997
6.406813627254508	,4.370743875403917
6.452905811623246	,4.346670775097938
6.498997995991983	,4.322616961752033
6.545090180360721	,4.298592207992952
6.591182364729459	,4.274606127917059
6.637274549098196	,4.250668174252146
6.683366733466934	,4.226787635613536
6.729458917835671	,4.202973633865392
6.775551102204409	,4.179235121574946
6.821643286573146	,4.155580879575132
6.867735470941883	,4.132019514624346
6.913827655310621	,4.108559457169774
6.959919839679358	,4.085208959216004
7.006012024048096	,4.061976092295511
7.052104208416833	,4.038868745542553
7.098196392785571	,4.015894623876077
7.144288577154308	,3.993061246283596
7.190380761523046	,3.970375944212634
7.236472945891784	,3.947845860068604
7.2825651302605205	,3.9254779458171773
7.328657314629258	,3.9032789616955865
7.374749498997995	,3.8812554750254344
7.420841683366733	,3.8594138591395186
7.46693386773547	,3.8377602924080643
7.513026052104208	,3.816300757374881
7.559118236472946	,3.7950410399991457
7.605210420841683	,3.773986729002784
7.651302605210421	,3.7531432153261166
7.697394789579158	,3.732515691684295
7.7434869739478955	,3.7121091522329355
7.7895791583166325	,3.6919283923371156
7.83567134268537	,3.6719780084450138
7.881763527054108	,3.6522623980649804
7.927855711422845	,3.6327857598440048
7.973947895791583	,3.61355209375252
8.02004008016032	,3.59456520136733
8.066132264529058	,3.5758286862577373
8.112224448897795	,3.5573459544706107
8.158316633266532	,3.5391202151146164
8.20440881763527	,3.5211544810439657
8.250501002004007	,3.5034515696399975
8.296593186372744	,3.4860141036850907
8.342685370741483	,3.4688445123384675
8.38877755511022	,3.451945032199397
8.434869739478957	,3.435317708468002
8.480961923847694	,3.4189643961955056
8.527054108216433	,3.402886761627748
8.57314629258517	,3.3870862836324243
8.619238476953907	,3.371564255220921
8.665330661322646	,3.356321785150506
8.711422845691382	,3.3413597996156597
8.75751503006012	,3.3266790440209046
8.803607214428856	,3.3122800848351837
8.849699398797595	,3.2981633115284907
8.895791583166332	,3.284328938583121
8.941883767535069	,3.2707770075903895
8.987975951903808	,3.2575073894107636
9.034068136272545	,3.2445197864179214
9.080160320641282	,3.231813734809595
9.126252505010019	,3.219388606989826
9.172344689378757	,3.207243614018317
9.218436873747494	,3.195377808129779
9.264529058116231	,3.183790085312479
9.31062124248497	,3.172479187953117
9.356713426853707	,3.1614437075426807
9.402805611222444	,3.1506820874372643
9.448897795591181	,3.14019262567923
9.49498997995992	,3.129973477873337
9.541082164328657	,3.1200226601119088
9.587174348697394	,3.1103380519534447
9.633266533066132	,3.100917399450294
9.67935871743487	,3.091758318220405
9.725450901803606	,3.0828582965653055
9.771543086172343	,3.0742146986293726
9.817635270541082	,3.06582476760002
9.863727454909819	,3.0576856289441423
9.909819639278556	,3.0497942936845206
9.955911823647295	,3.0421476617030905
10.002004008016032	,3.0347425250828177
10.048096192384769	,3.027575571472436
10.094188376753506	,3.020643387484782
10.140280561122244	,3.013942462115047
10.186372745490981	,3.007469190181194
10.232464929859718	,3.001219875793277
10.278557114228457	,2.995190735827663
10.324649298597194	,2.989377903428837
10.370741482965931	,2.9837774315215935
10.416833667334668	,2.978385296331341
10.462925851703407	,2.973197400919995
10.509018036072144	,2.968209578724677
10.55511022044088	,2.9634175971048187
10.60120240480962	,2.9588171608899394
10.647294589178356	,2.954403915930037
10.693386773547093	,2.950173452645096
10.73947895791583	,2.9461213095695022
10.785571142284569	,2.942242976891503
10.831663326653306	,2.938533899988741
10.877755511022043	,2.934989482949783
10.923847695390782	,2.9316050920851957
10.969939879759519	,2.9283760594270714
11.016032064128256	,2.925297686212378
11.062124248496993	,2.922365246346022
11.108216432865731	,2.9195739898473008
11.154308617234468	,2.916919146275479
11.200400801603205	,2.9143959281288865
11.246492985971944	,2.911999534221888
11.292585170340681	,2.9097251530321415
11.338677354709418	,2.907567966021876
11.384769539078155	,2.905523150925866
11.430861723446894	,2.9035858850084324
11.47695390781563	,2.9017513482851314
11.523046092184368	,2.900014726710566
11.569138276553106	,2.8983712153250565
11.615230460921843	,2.8968160213673926
11.66132264529058	,2.8953443673408543
11.707414829659317	,2.8939514940418434
11.753507014028056	,2.8926326635404322
11.799599198396793	,2.891383162119837
11.84569138276553	,2.8901983031666063
11.891783567134269	,2.88907343001085
11.937875751503006	,2.888003918720724
11.983967935871743	,2.886985180843933
12.03006012024048	,2.8860126660966827
12.076152304609218	,2.885081864999684
12.122244488977955	,2.884188311460303
12.168336673346692	,2.8833275852974083
12.214428857715431	,2.882495314708784
12.260521042084168	,2.881687178684757
12.306613226452905	,2.8808989093558353
12.352705410821642	,2.8801262942867396
12.39879759519038	,2.879365178706074
12.444889779559118	,2.8786114676737142
12.490981963927855	,2.8778611281884174
12.537074148296593	,2.877110191227853
12.58316633266533	,2.87635475372889
12.629258517034067	,2.875590980497286
12.675350701402804	,2.8748151060578238
12.721442885771543	,2.8740234364331414
12.76753507014028	,2.8732123508578624
12.813627254509017	,2.8723783034261743
12.859719438877756	,2.8715178246688993
12.905811623246493	,2.8706275230645986
12.95190380761523	,2.869704086479892
12.997995991983966	,2.8687442835442383
13.044088176352705	,2.867744964949811
13.090180360721442	,2.866703064687563
13.13627254509018	,2.865615601209086
13.182364729458918	,2.8644796785212243
13.228456913827655	,2.8632924872097867
13.274549098196392	,2.8620513053915033
13.320641282565129	,2.860753499599028
13.366733466933868	,2.859396525593411
13.412825651302605	,2.8579779291068412
13.458917835671341	,2.85649534651688
13.50501002004008	,2.8549465054484173
13.551102204408817	,2.853329225308947
13.597194388777554	,2.8516414177520666
13.643286573146291	,2.849881087073882
13.68937875751503	,2.8480463305398587
13.735470941883767	,2.846135338641993
13.781563126252504	,2.844146395291588
13.827655310621243	,2.8420778779410867
13.87374749498998	,2.8399282576415104
13.919839679358716	,2.8376960990318842
13.965931863727453	,2.8353800602628105
14.012024048096192	,2.832978892857419
14.05811623246493	,2.8304914415051847
14.104208416833666	,2.8279166437914505
14.150300601202405	,2.825253529866881
14.196392785571142	,2.822501222052395
14.242484969939879	,2.819658934382616
14.288577154308616	,2.8167259720901257
14.334669338677354	,2.813701731028118
14.380761523046091	,2.8105856970349095
14.426853707414828	,2.807377445241464
14.472945891783567	,2.804076639320506
14.519038076152304	,2.800683030680407
14.565130260521041	,2.7971964576044215
14.611222444889778	,2.7936168443345046
14.657314629258517	,2.7899442001043298
14.703406813627254	,2.7861786181188677
14.74949899799599	,2.7823202744861746
14.79559118236473	,2.7783694270949226
14.841683366733466	,2.774326414448968
14.887775551102203	,2.7701916544510894
14.93386773547094	,2.765965643143929
14.97995991983968	,2.761648953403423
15.026052104208416	,2.7572422335914943
15.072144288577153	,2.7527462061656607
15.118236472945892	,2.748161666247391
15.164328657314629	,2.7434894801530056
15.210420841683366	,2.738730583884319
15.256513026052103	,2.7338859815850896
15.302605210420841	,2.7289567439599125
15.348697394789578	,2.7239440066605063
15.394789579158315	,2.718848968639623
15.440881763527054	,2.7136728904731093
15.486973947895791	,2.708417092653576
15.533066132264528	,2.703082953854171
15.579158316633265	,2.697671909167063
15.625250501002004	,2.6921854483156196
15.67134268537074	,2.68662511384386
15.717434869739478	,2.6809924992808902
15.763527054108216	,2.675289247288717
15.809619238476953	,2.6695170477855115
15.85571142284569	,2.6636776360549987
15.901803607214427	,2.6577727908365176
15.947895791583166	,2.651804332401305
15.993987975951903	,2.6457741206145897
16.04008016032064	,2.6396840529857712
16.086172344689377	,2.633536062707229
16.132264529058116	,2.627332116685281
16.178356713426854	,2.621074213560604
16.22444889779559	,2.6147643817254647
16.27054108216433	,2.6084046773330556
16.316633266533064	,2.601997182305695
16.362725450901802	,2.595544002338947
16.40881763527054	,2.5890472649056875
16.454909819639276	,2.5825091172619636
16.501002004008015	,2.5759317244529
16.547094188376754	,2.569317267322809
16.59318637274549	,2.562667940531398
16.639278557114228	,2.5559859505733726
16.685370741482966	,2.549273513808707
16.7314629258517	,2.5425328544991572
16.77755511022044	,2.5357662028552426
16.82364729458918	,2.528975793096393
16.869739478957914	,2.5221638615214204
16.915831663326653	,2.515332644594359
16.961923847695388	,2.508484377044226
17.008016032064127	,2.5016212899829497
17.054108216432866	,2.4947456090385813
17.1002004008016	,2.487859552508475
17.14629258517034	,2.4809653295325163
17.19238476953908	,2.474065138286406
17.238476953907814	,2.4671611641969093
17.284569138276552	,2.4602555781817372
17.33066132264529	,2.453350534911891
17.376753507014026	,2.446448171099604
17.422845691382765	,2.4395506038138492
17.468937875751504	,2.4326599288204847
17.51503006012024	,2.4257782189533117
17.561122244488978	,2.4189075225117804
17.607214428857713	,2.4120498616901287
17.65330661322645	,2.4052072310374015
17.69939879759519	,2.3983815959479386
17.745490981963925	,2.3915748911852006
17.791583166332664	,2.3847890194391965
17.837675350701403	,2.378025849917229
17.883767535070138	,2.371287216969243
17.929859719438877	,2.364574918749838
17.975951903807616	,2.3578907159148628
18.02204408817635	,2.35123633035586
18.06813627254509	,2.344613443971596
18.11422845691383	,2.3380236974774746
18.160320641282564	,2.331468689253086
18.206412825651302	,2.3249499742298596
18.252505010020037	,2.318469062816952
18.298597194388776	,2.3120274198682296
18.344689378757515	,2.3056264636882986
18.39078156312625	,2.29926756508101
18.43687374749499	,2.2929520464378967
18.482965931863728	,2.2866811808684133
18.529058116232463	,2.280456191372167
18.5751503006012	,2.274278250052859
18.62124248496994	,2.268148477375405
18.667334669338675	,2.262067941464082
18.713426853707414	,2.256037657444786
18.759519038076153	,2.250058586829745
18.805611222444888	,2.24413163694458
18.851703406813627	,2.2382576603991993
18.897795591182362	,2.23243745460195
18.9438877755511	,2.2266717613157496
18.98997995991984	,2.2209612662590175
19.036072144288575	,2.2153065987480787
19.082164328657313	,2.209708331384263
19.128256513026052	,2.2041669797825563
19.174348697394787	,2.1986830023445094
19.220440881763526	,2.1932568000721346
19.266533066132265	,2.187888716426471
19.312625250501	,2.1825790372264464
19.35871743486974	,2.1773279905915786
19.404809619238478	,2.1721357469257754
19.450901803607213	,2.167002418942289
19.49699398797595	,2.1619280617311247
19.543086172344687	,2.1569126728664543
19.589178356713425	,2.1519561925550974
19.635270541082164	,2.1470585038254626
19.6813627254509	,2.1422194327551054
19.727454909819638	,2.1374387487398963
19.773547094188377	,2.1327161647998523
19.819639278557112	,2.128051337925001
19.86573146292585	,2.1234438694585833
19.91182364729459	,2.118893305517375
19.957915831663325	,2.114399137450249
20.004008016032063	,2.109960802331628
20.050100200400802	,2.105577683491731
20.096192384769537	,2.1012491110811737
20.142284569138276	,2.096974362671517
20.18837675350701	,2.092752663887609
20.23446893787575	,2.0885831890755213
20.28056112224449	,2.0844650620014633
20.326653306613224	,2.0803973565834895
20.372745490981963	,2.0763790976535432
20.4188376753507	,2.072409261751332
20.464929859719437	,2.0684867779468235
20.511022044088175	,2.0646105286914107
20.557114228456914	,2.0607793506995407
20.60320641282565	,2.056992035854911
20.649298597194388	,2.0532473321452755
20.695390781563127	,2.0495439446226698
20.741482965931862	,2.045880536388168
20.7875751503006	,2.042255729601962
20.833667334669336	,2.038668106515587
20.879759519038075	,2.0351162105276046
20.925851703406813	,2.031598547260927
20.97194388777555	,2.0281135856602788
21.018036072144287	,2.0246597591109605
21.064128256513026	,2.0212354665751704
21.11022044088176	,2.017839073747922
21.1563126252505	,2.014468914229738
21.20240480961924	,2.0111232907154744
21.248496993987974	,2.007800476199762
21.294589178356713	,2.0044987151958793
21.34068136272545	,2.0012162249694967
21.386773547094187	,1.9979511967845482
21.432865731462925	,1.9947017971617953
21.47895791583166	,1.99146616914787
21.5250501002004	,1.9882424335946212
21.571142284569138	,1.9850286904481322
21.617234468937873	,1.9818230200458729
21.663326653306612	,1.9786234844210426
21.70941883767535	,1.9754281286141122
21.755511022044086	,1.9722349819896579
21.801603206412825	,1.9690420595578288
21.847695390781563	,1.9658473633003837
21.8937875751503	,1.9626488834990283
21.939879759519037	,1.9594446000665044
21.985971943887776	,1.9562324838784093
22.03206412825651	,1.9530104981057974
22.07815631262525	,1.949776599547448
22.124248496993985	,1.9465287399601507
22.170340681362724	,1.9432648673877964
22.216432865731463	,1.939982927486696
22.262525050100198	,1.9366808648475455
22.308617234468937	,1.9333566243122249
22.354709418837675	,1.930008152286021
22.40080160320641	,1.92663339804281
22.44689378757515	,1.923230315023261
22.492985971943888	,1.9197968621258497
22.539078156312623	,1.916331004988571
22.585170340681362	,1.9128307172616843
22.6312625250501	,1.909293981870178
22.677354709418836	,1.9057187922657661
22.723446893787575	,1.9021031536667294
22.76953907815631	,1.8984450842860028
22.81563126252505	,1.8947426165462247
22.861723446893787	,1.89099379828086
22.907815631262523	,1.8871966939217657
22.95390781563126	,1.883349385670627
23.0	,1.8794499746561115
