0.0	,2.0035243787626675
0.04609218436873747	,2.143551693486801
0.09218436873747494	,2.2819963804238443
0.13827655310621242	,2.4188366107667516
0.1843687374749499	,2.5540510918097428
0.23046092184368736	,2.6876190738864043
0.27655310621242485	,2.8195203570966583
0.3226452905811623	,2.949735297812376
0.3687374749498998	,3.0782448149541533
0.41482965931863724	,3.205030396046877
0.4609218436873747	,3.3300741030412517
0.5070140280561122	,3.453358577912951
0.5531062124248497	,3.5748670480029645
0.5991983967935871	,3.694583331141975
0.6452905811623246	,3.812491840528709
0.691382765531062	,3.928577589348559
0.7374749498997996	,4.042826195169386
0.7835671342685371	,4.155223884069596
0.8296593186372745	,4.265757494526456
0.875751503006012	,4.374414481044899
0.9218436873747494	,4.481182917540057
0.9679358717434869	,4.586051500449315
1.0140280561122244	,4.689009551600609
1.0601202404809618	,4.790047020813281
1.1062124248496994	,4.889154488233865
1.1523046092184368	,4.986323166422613
1.1983967935871742	,5.081544902156468
1.2444889779559118	,5.174812177989326
1.2905811623246493	,5.2661181135276225
1.3366733466933867	,5.355456466451514
1.382765531062124	,5.442821633256755
1.4288577154308617	,5.528208649750956
1.4749498997995991	,5.611613191248889
1.5210420841683365	,5.693031572536332
1.5671342685370742	,5.7724607475272025
1.6132264529058116	,5.849898308690819
1.659318637274549	,5.9253424861798045
1.7054108216432864	,5.998792146704632
1.751503006012024	,6.0702467921430445
1.7975951903807614	,6.139706557868276
1.8436873747494988	,6.207172210833172
1.8897795591182365	,6.272645147365643
1.9358717434869739	,6.336127390716465
1.9819639278557113	,6.397621588335406
2.0280561122244487	,6.4571310088919285
2.074148296593186	,6.514659539023142
2.1202404809619235	,6.57021167984051
2.1663326653306614	,6.6237925431642095
2.212424849699399	,6.675407847510503
2.258517034068136	,6.725063913821501
2.3046092184368736	,6.772767660944347
2.350701402805611	,6.818526600863258
2.3967935871743484	,6.862348833678803
2.442885771543086	,6.9042430423560095
2.4889779559118237	,6.944218487209971
2.535070140280561	,6.9822850001702115
2.5811623246492985	,7.018452978806542
2.627254509018036	,7.052733380106135
2.6733466933867733	,7.085137714043919
2.7194388777555107	,7.115678036904931
2.765531062124248	,7.144366944400991
2.811623246492986	,7.171217564546155
2.8577154308617234	,7.196243550344894
2.903807615230461	,7.219459072228446
2.9498997995991982	,7.240878810324753
2.9959919839679356	,7.260517946490169
3.042084168336673	,7.278392156156807
3.0881763527054105	,7.294517599976436
3.1342685370741483	,7.308910915272007
3.1803607214428857	,7.321589207307887
3.226452905811623	,7.332570040365442
3.2725450901803605	,7.341871428637928
3.318637274549098	,7.349511826976716
3.3647294589178354	,7.355510121424924
3.410821643286573	,7.35988561961799
3.4569138276553106	,7.362658041014571
3.503006012024048	,7.363847506971662
3.5490981963927855	,7.363474530661061
3.595190380761523	,7.36156000685776
3.6412825651302603	,7.358125201571552
3.6873747494989977	,7.353191741555501
3.733466933867735	,7.346781603680027
3.779559118236473	,7.338917104178066
3.8256513026052104	,7.329620887782979
3.8717434869739478	,7.3189159167438005
3.917835671342685	,7.306825459741177
3.9639278557114226	,7.293373080690183
4.01002004008016	,7.278582627459183
4.056112224448897	,7.262478220489956
4.102204408817635	,7.245084241338219
4.148296593186372	,7.2264253211340215
4.19438877755511	,7.206526328969742
4.240480961923847	,7.185412360215857
4.286573146292585	,7.163108724784701
4.332665330661323	,7.139640935334086
4.37875751503006	,7.115034695425992
4.424849699398798	,7.08931588762839
4.4709418837675345	,7.06251056160642
4.517034068136272	,7.034644922151713
4.563126252505009	,7.005745317216037
4.609218436873747	,6.975838225903429
4.655310621242485	,6.944950246461518
4.701402805611222	,6.913108084259934
4.74749498997996	,6.880338539783069
4.793587174348697	,6.846668496599507
4.839679358717435	,6.812124909375557
4.885771543086172	,6.776734791885389
4.9318637274549095	,6.74052520504708
4.977955911823647	,6.703523244998072
5.024048096192384	,6.665756031192532
5.070140280561122	,6.627250694557317
5.116232464929859	,6.58803436567514
5.162324649298597	,6.5481341630378
5.208416833667334	,6.507577181351424
5.254509018036072	,6.466390479903809
5.30060120240481	,6.424601071010086
5.346693386773547	,6.382235908528627
5.3927855711422845	,6.339321876457847
5.4388777555110215	,6.295885777630158
5.484969939879759	,6.2519543224881495
5.531062124248496	,6.207554117962783
5.577154308617234	,6.162711656461022
5.623246492985972	,6.117453304952543
5.669338677354709	,6.071805294183218
5.715430861723447	,6.025793707997051
5.761523046092184	,5.979444472793384
5.807615230460922	,5.932783347100678
5.853707414829659	,5.885835911302312
5.8997995991983965	,5.83862755748928
5.945891783567134	,5.791183479461431
5.991983967935871	,5.743528662882849
6.038076152304609	,5.695687875577459
6.084168336673346	,5.647685658002221
6.130260521042084	,5.599546313870606
6.176352705410821	,5.55129390093766
6.222444889779559	,5.502952221979417
6.268537074148297	,5.454544815923249
6.314629258517034	,5.406094949170162
6.3607214428857715	,5.3576256070962
6.406813627254508	,5.309159485748022
6.452905811623246	,5.260718983719688
6.498997995991983	,5.21232619422581
6.545090180360721	,5.164002897386727
6.591182364729459	,5.1157705526883905
6.637274549098196	,5.067650291668624
6.683366733466934	,5.019662910807117
6.729458917835671	,4.971828864611627
6.775551102204409	,4.924168258938128
6.821643286573146	,4.876700844505326
6.867735470941883	,4.829446010648628
6.913827655310621	,4.782422779280509
6.959919839679358	,4.735649799077287
7.006012024048096	,4.689145339887942
7.052104208416833	,4.642927287384703
7.098196392785571	,4.597013137922108
7.144288577154308	,4.5514199936391115
7.190380761523046	,4.506164557797863
7.236472945891784	,4.461263130338994
7.2825651302605205	,4.416731603694297
7.328657314629258	,4.372585458816898
7.374749498997995	,4.328839761458752
7.420841683366733	,4.285509158693822
7.46693386773547	,4.24260787565389
7.513026052104208	,4.20014971253933
7.559118236472946	,4.158148041844196
7.605210420841683	,4.116615805830779
7.651302605210421	,4.075565514248764
7.697394789579158	,4.03500924229262
7.7434869739478955	,3.9949586287945777
7.7895791583166325	,3.955424874668683
7.83567134268537	,3.91641874159194
7.881763527054108	,3.877950550915525
7.927855711422845	,3.8400301828317893
7.973947895791583	,3.8026670757698646
8.02004008016032	,3.765870226032316
8.066132264529058	,3.729648187664246
8.112224448897795	,3.694009072569127
8.158316633266532	,3.658960550844391
8.20440881763527	,3.6245098513637863
8.250501002004007	,3.5906637625807605
8.296593186372744	,3.5574286335694367
8.342685370741483	,3.524810375291196
8.38877755511022	,3.4928144620818458
8.434869739478957	,3.461445933370861
8.480961923847694	,3.4307093956241346
8.527054108216433	,3.400609024495729
8.57314629258517	,3.371148567206582
8.619238476953907	,3.3423313451329655
8.665330661322646	,3.314160256611814
8.711422845691382	,3.2866377799522155
8.75751503006012	,3.25976597665138
8.803607214428856	,3.2335464948175314
8.849699398797595	,3.207980572799542
8.895791583166332	,3.1830690429980315
8.941883767535069	,3.1588123358833826
8.987975951903808	,3.1352104842023962
9.034068136272545	,3.1122631273672816
9.080160320641282	,3.089969516035133
9.126252505010019	,3.0683285168637084
9.172344689378757	,3.0473386174401966
9.218436873747494	,3.026997931390646
9.264529058116231	,3.007304203648502
9.31062124248497	,2.9882548158947415
9.356713426853707	,2.969846792158595
9.402805611222444	,2.952076804567266
9.448897795591181	,2.93494117925151
9.49498997995992	,2.9184359024053883
9.541082164328657	,2.9025566264758496
9.587174348697394	,2.8872986765051216
9.633266533066132	,2.872657056597234
9.67935871743487	,2.858626456519957
9.725450901803606	,2.845201258426293
9.771543086172343	,2.8323755437039253
9.817635270541082	,2.8201430999346364
9.863727454909819	,2.808497427967545
9.909819639278556	,2.7974317490957716
9.955911823647295	,2.7869390123350684
10.002004008016032	,2.777011901801277
10.048096192384769	,2.76764284418185
10.094188376753506	,2.758824016279231
10.140280561122244	,2.7505473526575486
10.186372745490981	,2.742804553343049
10.232464929859718	,2.7355870916162637
10.278557114228457	,2.7288862218606127
10.324649298597194	,2.7226929874680508
10.370741482965931	,2.716998228809043
10.416833667334668	,2.7117925912521663
10.462925851703407	,2.707066533229458
10.509018036072144	,2.70281033433276
10.55511022044088	,2.6990141034702404
10.60120240480962	,2.695667787026494
10.647294589178356	,2.6927611770620885
10.693386773547093	,2.6902839195378334
10.73947895791583	,2.6882255225444283
10.785571142284569	,2.6865753645462007
10.831663326653306	,2.6853227026350055
10.877755511022043	,2.68445668077662
10.923847695390782	,2.683966338061822
10.969939879759519	,2.6838406169428097
11.016032064128256	,2.6840683714545577
11.062124248496993	,2.6846383754152967
11.108216432865731	,2.6855393306153914
11.154308617234468	,2.686759874961325
11.200400801603205	,2.6882885905956826
11.246492985971944	,2.6901140119779825
11.292585170340681	,2.6922246339199134
11.338677354709418	,2.6946089195765524
11.384769539078155	,2.6972553083834896
11.430861723446894	,2.7001522239356817
11.47695390781563	,2.703288081813419
11.523046092184368	,2.706651297331831
11.569138276553106	,2.71023029323068
11.615230460921843	,2.71401350728339
11.66132264529058	,2.717989399837144
11.707414829659317	,2.7221464612557043
11.753507014028056	,2.7264732192969703
11.799599198396793	,2.7309582463815616
11.84569138276553	,2.735590166779602
11.891783567134269	,2.740357663694013
11.937875751503006	,2.74524948624623
11.983967935871743	,2.7502544563572897
12.03006012024048	,2.7553614755163665
12.076152304609218	,2.760559531440009
12.122244488977955	,2.765837704621859
12.168336673346692	,2.771185174750734
12.214428857715431	,2.7765912270224575
12.260521042084168	,2.782045258318405
12.306613226452905	,2.787536783256975
12.352705410821642	,2.793055440115239
12.39879759519038	,2.7985909966232114
12.444889779559118	,2.80413335561164
12.490981963927855	,2.8096725605336843
12.537074148296593	,2.8151988008351196
12.58316633266533	,2.8207024171863395
12.629258517034067	,2.8261739065716114
12.675350701402804	,2.8316039272253306
12.721442885771543	,2.836983303421995
12.76753507014028	,2.842303030114323
12.813627254509017	,2.8475542774200093
12.859719438877756	,2.8527283949456006
12.905811623246493	,2.8578169159673124
12.95190380761523	,2.8628115614382352
12.997995991983966	,2.8677042438510867
13.044088176352705	,2.8724870709267947
13.090180360721442	,2.877152349152894
13.13627254509018	,2.881692587149246
13.182364729458918	,2.886100498879351
13.228456913827655	,2.8903690066851695
13.274549098196392	,2.8944912441690533
13.320641282565129	,2.898460558899508
13.366733466933868	,2.902270514959554
13.412825651302605	,2.9059148953188654
13.458917835671341	,2.9093877040441285
13.50501002004008	,2.912683168345609
13.551102204408817	,2.915795740443727
13.597194388777554	,2.918720099284286
13.643286573146291	,2.921451152074404
13.68937875751503	,2.9239840356543425
13.735470941883767	,2.926314117711051
13.781563126252504	,2.9284369978071254
13.827655310621243	,2.9303485082677128
13.87374749498998	,2.932044714883439
13.919839679358716	,2.9335219174560194
13.965931863727453	,2.9347766501858175
14.012024048096192	,2.935805681886393
14.05811623246493	,2.9366060160493603
14.104208416833666	,2.9371748907389446
14.150300601202405	,2.937509778335425
14.196392785571142	,2.9376083851194394
14.242484969939879	,2.937468650693795
14.288577154308616	,2.9370887472635587
14.334669338677354	,2.93646707875061
14.380761523046091	,2.9356022797669965
14.426853707414828	,2.934493214433161
14.472945891783567	,2.9331389750496584
14.519038076152304	,2.9315388806276985
14.565130260521041	,2.929692475270201
14.611222444889778	,2.9275995264190726
14.657314629258517	,2.9252600229545607
14.703406813627254	,2.922674173167948
14.74949899799599	,2.919842402589353
14.79559118236473	,2.916765351696654
14.841683366733466	,2.9134438734829473
14.887775551102203	,2.909879030901436
14.93386773547094	,2.9060720941922256
14.97995991983968	,2.9020245380772423
15.026052104208416	,2.897738038845759
15.072144288577153	,2.893214471315744
15.118236472945892	,2.8884559056962615
15.164328657314629	,2.883464604314952
15.210420841683366	,2.878243018270325
15.256513026052103	,2.8727937839551885
15.302605210420841	,2.8671197194853164
15.348697394789578	,2.8612238210402694
15.394789579158315	,2.85510925909675
15.440881763527054	,2.848779374577262
15.486973947895791	,2.8422376749098532
15.533066132264528	,2.835487830001142
15.579158316633265	,2.8285336681306887
15.625250501002004	,2.82137917176118
15.67134268537074	,2.8140284732859016
15.717434869739478	,2.806485850686542
15.763527054108216	,2.798755723141767
15.809619238476953	,2.7908426465569107
15.85571142284569	,2.7827513090429647
15.901803607214427	,2.774486526325788
15.947895791583166	,2.7660532371177737
15.993987975951903	,2.757456498418648
16.04008016032064	,2.7487014807896912
16.086172344689377	,2.7397934635664996
16.132264529058116	,2.7307378300436085
16.178356713426854	,2.721540062616569
16.22444889779559	,2.7122057378907556
16.27054108216433	,2.7027405217663443
16.316633266533064	,2.693150164487747
16.362725450901802	,2.683440495678198
16.40881763527054	,2.6736174193524107
16.454909819639276	,2.6636869089125526
16.501002004008015	,2.65365500213305
16.547094188376754	,2.643527796136226
16.59318637274549	,2.6333114423635777
16.639278557114228	,2.6230121415440806
16.685370741482966	,2.6126361386623103
16.7314629258517	,2.6021897179350617
16.77755511022044	,2.5916791977926437
16.82364729458918	,2.581110925873844
16.869739478957914	,2.5704912740326904
16.915831663326653	,2.5598266333678907
16.961923847695388	,2.5491234092671675
17.008016032064127	,2.538388016481278
17.054108216432866	,2.527626874221397
17.1002004008016	,2.516846401289129
17.14629258517034	,2.5060530112407093
17.19238476953908	,2.4952531075842614
17.238476953907814	,2.484453079019204
17.284569138276552	,2.473659294718061
17.33066132264529	,2.4628780996511637
17.376753507014026	,2.452115809962663
17.422845691382765	,2.4413787083919374
17.468937875751504	,2.430673039755902
17.51503006012024	,2.4200050064797836
17.561122244488978	,2.409380764190672
17.607214428857713	,2.3988064173720147
17.65330661322645	,2.3882880150810593
17.69939879759519	,2.377831546729908
17.745490981963925	,2.3674429379407655
17.791583166332664	,2.357128046465405
17.837675350701403	,2.3468926581798115
17.883767535070138	,2.3367424831570673
17.929859719438877	,2.326683151811835
17.975951903807616	,2.3167202111275884
18.02204408817635	,2.306859120962997
18.06813627254509	,2.297105250443508
18.11422845691383	,2.2874638744338256
18.160320641282564	,2.2779401701007913
18.206412825651302	,2.26853921356215
18.252505010020037	,2.2592659766260397
18.298597194388776	,2.2501253236204377
18.344689378757515	,2.241122008317504
18.39078156312625	,2.2322606709500974
18.43687374749499	,2.223545835323989
18.482965931863728	,2.2149819060283846
18.529058116232463	,2.2065731657421566
18.5751503006012	,2.198323772641018
18.62124248496994	,2.1902377579023096
18.667334669338675	,2.1823190233129566
18.713426853707414	,2.1745713389780406
18.759519038076153	,2.1669983411336773
18.805611222444888	,2.159603530059101
18.851703406813627	,2.152390268097605
18.897795591182362	,2.145361777779158
18.9438877755511	,2.1385211400491357
18.98997995991984	,2.1318712926025825
19.036072144288575	,2.125415028322692
19.082164328657313	,2.119154993828573
19.128256513026052	,2.113093688125929
19.174348697394787	,2.1072334613680397
19.220440881763526	,2.101576513718811
19.266533066132265	,2.096124894327758
19.312625250501	,2.090880500405177
19.35871743486974	,2.085845076410365
19.404809619238478	,2.0810202133420006
19.450901803607213	,2.0764073481336283
19.49699398797595	,2.0720077631592915
19.543086172344687	,2.067822585838911
19.589178356713425	,2.0638527883524063
19.635270541082164	,2.0600991874557053
19.6813627254509	,2.0565624444028288
19.727454909819638	,2.0532430649664803
19.773547094188377	,2.05014139956603
19.819639278557112	,2.047257643492401
19.86573146292585	,2.0445918372369505
19.91182364729459	,2.0421438669173426
19.957915831663325	,2.039913464804741
20.004008016032063	,2.037900209944411
20.050100200400802	,2.036103528878698
20.096192384769537	,2.0345226964597884
20.142284569138276	,2.033156836761151
20.18837675350701	,2.0320049240782367
20.23446893787575	,2.031065784023852
20.28056112224449	,2.030338094712448
20.326653306613224	,2.029820388032988
20.372745490981963	,2.029511051011241
20.4188376753507	,2.029408327255638
20.464929859719437	,2.029510318489514
20.511022044088175	,2.029814986165107
20.557114228456914	,2.0303201531606447
20.60320641282565	,2.0310235055544723
20.649298597194388	,2.0319225944790986
20.695390781563127	,2.0330148380518978
20.741482965931862	,2.0342975233785126
20.7875751503006	,2.035767808629842
20.833667334669336	,2.037422725190538
20.879759519038075	,2.039259179876126
20.925851703406813	,2.041273957215992
20.97194388777555	,2.0434637218034766
21.018036072144287	,2.04582502070852
21.064128256513026	,2.0483542859515893
21.11022044088176	,2.0510478370350427
21.1563126252505	,2.0539018835358718
21.20240480961924	,2.0569125277500433
21.248496993987974	,2.060075767390572
21.294589178356713	,2.063387498339438
21.34068136272545	,2.0668435174441413
21.386773547094187	,2.070439525364236
21.432865731462925	,2.0741711294623997
21.47895791583166	,2.078033846736247
21.5250501002004	,2.0820231067935566
21.571142284569138	,2.086134254862287
21.617234468937873	,2.090362554840084
21.663326653306612	,2.094703192375448
21.70941883767535	,2.099151277982301
21.755511022044086	,2.1037018501830573
21.801603206412825	,2.1083498786800163
21.847695390781563	,2.113090267551428
21.8937875751503	,2.117917858471273
21.939879759519037	,2.1228274339499364
21.985971943887776	,2.1278137205929113
22.03206412825651	,2.1328713923773392
22.07815631262525	,2.137995073942477
22.124248496993985	,2.1431793438918163
22.170340681362724	,2.148418738107196
22.216432865731463	,2.1537077530693978
22.262525050100198	,2.1590408491849757
22.308617234468937	,2.164412454118235
22.354709418837675	,2.1698169661233067
22.40080160320641	,2.175248757376835
22.44689378757515	,2.180702177308845
22.492985971943888	,2.1861715559279276
22.539078156312623	,2.1916512071420584
22.585170340681362	,2.197135432068805
22.6312625250501	,2.202618522336522
22.677354709418836	,2.208094763373907
22.723446893787575	,2.2135584376839006
22.76953907815631	,2.2190038281027995
22.81563126252505	,2.2244252210402067
22.861723446893787	,2.229816909700503
22.907815631262523	,2.235173197282606
22.95390781563126	,2.2404884001543053
23.0	,2.2457568510046997
