0.0	,3.020530336314277
0.04609218436873747	,3.0650852294149673
0.09218436873747494	,3.109109433670471
0.13827655310621242	,3.1525973394668307
0.1843687374749499	,3.19554349744258
0.23046092184368736	,3.237942620035179
0.27655310621242485	,3.2797895829617207
0.3226452905811623	,3.3210794266388217
0.3687374749498998	,3.3618073575384155
0.41482965931863724	,3.4019687494797126
0.4609218436873747	,3.441559144854899
0.5070140280561122	,3.480574255791943
0.5531062124248497	,3.5190099652481712
0.5991983967935871	,3.5568623280409817
0.6452905811623246	,3.5941275718085626
0.691382765531062	,3.6308020979044437
0.7374749498997996	,3.6668824822242274
0.7835671342685371	,3.702365475963488
0.8296593186372745	,3.737248006307889
0.875751503006012	,3.7715271770527896
0.9218436873747494	,3.8052002691548905
0.9679358717434869	,3.8382647412143687
1.0140280561122244	,3.8707182298858522
1.0601202404809618	,3.9025585502201596
1.1062124248496994	,3.9337836959367323
1.1523046092184368	,3.9643918396243003
1.1983967935871742	,3.994381332871279
1.2444889779559118	,4.023750706327247
1.2905811623246493	,4.052498669691246
1.3366733466933867	,4.0806241116325435
1.382765531062124	,4.1081260996381745
1.4288577154308617	,4.13500387979211
1.4749498997995991	,4.161256876482471
1.5210420841683365	,4.186884692040536
1.5671342685370742	,4.211887106306774
1.6132264529058116	,4.236264076131176
1.659318637274549	,4.26001573479954
1.7054108216432864	,4.2831423913939375
1.751503006012024	,4.305644530082397
1.7975951903807614	,4.327522809341309
1.8436873747494988	,4.348778061107135
1.8897795591182365	,4.3694112898637965
1.9358717434869739	,4.389423671659856
1.9819639278557113	,4.408816553059404
2.0280561122244487	,4.427591450027558
2.074148296593186	,4.445750046749903
2.1202404809619235	,4.463294194384682
2.1663326653306614	,4.480225909753002
2.212424849699399	,4.496547373963757
2.258517034068136	,4.512260930975894
2.3046092184368736	,4.527369086096121
2.350701402805611	,4.541874504416978
2.3967935871743484	,4.555780009193784
2.442885771543086	,4.569088580158537
2.4889779559118237	,4.581803351778236
2.535070140280561	,4.593927611450864
2.5811623246492985	,4.605464797646725
2.627254509018036	,4.616418497990585
2.6733466933867733	,4.6267924472892235
2.7194388777555107	,4.63659052550439
2.765531062124248	,4.645816755670441
2.811623246492986	,4.654475301760033
2.8577154308617234	,4.662570466499126
2.903807615230461	,4.670106689127917
2.9498997995991982	,4.677088543116402
2.9959919839679356	,4.683520733827484
3.042084168336673	,4.689408096136296
3.0881763527054105	,4.694755591999909
3.1342685370741483	,4.699568307985448
3.1803607214428857	,4.703851452751018
3.226452905811623	,4.707610354487679
3.2725450901803605	,4.710850458317004
3.318637274549098	,4.713577323650658
3.3647294589178354	,4.715796621510584
3.410821643286573	,4.717514131812711
3.4569138276553106	,4.718735740612301
3.503006012024048	,4.719467437318082
3.5490981963927855	,4.719715311870401
3.595190380761523	,4.719485551888706
3.6412825651302603	,4.718784439787777
3.6873747494989977	,4.717618349866337
3.733466933867735	,4.715993745366608
3.779559118236473	,4.713917175507458
3.8256513026052104	,4.711395272495403
3.8717434869739478	,4.708434748508234
3.917835671342685	,4.7050423926609914
3.9639278557114226	,4.701225067948197
4.01002004008016	,4.696989708170552
4.056112224448897	,4.692343314840642
4.102204408817635	,4.687292954075975
4.148296593186372	,4.681845753476759
4.19438877755511	,4.676008898990096
4.240480961923847	,4.6697896317634955
4.286573146292585	,4.6631952449892395
4.332665330661323	,4.656233080739428
4.37875751503006	,4.648910526795644
4.424849699398798	,4.641235013472212
4.4709418837675345	,4.633214010436479
4.517034068136272	,4.624855023527475
4.563126252505009	,4.61616559157363
4.609218436873747	,4.607153283210777
4.655310621242485	,4.597825693703642
4.701402805611222	,4.588190441771701
4.74749498997996	,4.578255166418618
4.793587174348697	,4.568027523771702
4.839679358717435	,4.5575151839264745
4.885771543086172	,4.546725827805239
4.9318637274549095	,4.535667144022943
4.977955911823647	,4.524346825769402
5.024048096192384	,4.512772567704995
5.070140280561122	,4.500952062870857
5.116232464929859	,4.488892999619383
5.162324649298597	,4.476603058559725
5.208416833667334	,4.464089909527785
5.254509018036072	,4.451361208574423
5.30060120240481	,4.438424594978329
5.346693386773547	,4.425287688282442
5.3927855711422845	,4.411958085357668
5.4388777555110215	,4.398443357491499
5.484969939879759	,4.384751047507343
5.531062124248496	,4.3708886669106235
5.577154308617234	,4.356863693069915
5.623246492985972	,4.342683566425963
5.669338677354709	,4.328355687738467
5.715430861723447	,4.313887415363446
5.761523046092184	,4.29928606257012
5.807615230460922	,4.284558894892295
5.853707414829659	,4.269713127520079
5.8997995991983965	,4.254755922729509
5.945891783567134	,4.239694387352743
5.991983967935871	,4.224535570291309
6.038076152304609	,4.209286460069608
6.084168336673346	,4.193953982435526
6.130260521042084	,4.1785449980013
6.176352705410821	,4.163066299933583
6.222444889779559	,4.147524611689793
6.268537074148297	,4.131926584799066
6.314629258517034	,4.116278796695498
6.3607214428857715	,4.100587748597516
6.406813627254508	,4.084859863439807
6.452905811623246	,4.0691014838543165
6.498997995991983	,4.053318870203464
6.545090180360721	,4.037518198666922
6.591182364729459	,4.021705559379313
6.637274549098196	,4.0058869546240645
6.683366733466934	,3.990068297080069
6.729458917835671	,3.974255408123951
6.775551102204409	,3.958454016188143
6.821643286573146	,3.942669755175533
6.867735470941883	,3.926908162929844
6.913827655310621	,3.9111746797637728
6.959919839679358	,3.8954746470445993
7.006012024048096	,3.8798133058384985
7.052104208416833	,3.8641957956132025
7.098196392785571	,3.848627152998283
7.144288577154308	,3.833112310606142
7.190380761523046	,3.8176560959109134
7.236472945891784	,3.80226323018915
7.2825651302605205	,3.786938327518155
7.328657314629258	,3.771685893835314
7.374749498997995	,3.7565103260584687
7.420841683366733	,3.7414159112648995
7.46693386773547	,3.7264068259323064
7.513026052104208	,3.711487135239384
7.559118236472946	,3.6966607924268438
7.605210420841683	,3.6819316382192566
7.651302605210421	,3.667303400307736
7.697394789579158	,3.652779692891543
7.7434869739478955	,3.6383640162804034
7.7895791583166325	,3.6240597565588786
7.83567134268537	,3.6098701853062285
7.881763527054108	,3.595798459381183
7.927855711422845	,3.581847620761366
7.973947895791583	,3.5680205964445215
8.02004008016032	,3.5543201984086346
8.066132264529058	,3.5407491236277275
8.112224448897795	,3.527309954150121
8.158316633266532	,3.514005157229436
8.20440881763527	,3.5008370855167166
8.250501002004007	,3.4878079773069945
8.296593186372744	,3.474919956843652
8.342685370741483	,3.4621750346767666
8.38877755511022	,3.4495751080772568
8.434869739478957	,3.4371219615068043
8.480961923847694	,3.4248172671400487
8.527054108216433	,3.412662585440434
8.57314629258517	,3.400659365789168
8.619238476953907	,3.3888089471659057
8.665330661322646	,3.3771125588804605
8.711422845691382	,3.365571321354663
8.75751503006012	,3.3541862469548995
8.803607214428856	,3.3429582408722442
8.849699398797595	,3.3318881020519084
8.895791583166332	,3.3209765241685103
8.941883767535069	,3.310224096648664
8.987975951903808	,3.299631305739049
9.034068136272545	,3.2891985356183797
9.080160320641282	,3.2789260695536404
9.126252505010019	,3.268814091097732
9.172344689378757	,3.2588626853309677
9.218436873747494	,3.249071840140754
9.264529058116231	,3.2394414475434044
9.31062124248497	,3.229971305041942
9.356713426853707	,3.220661117024127
9.402805611222444	,3.211510496194907
9.448897795591181	,3.2025189650457992
9.49498997995992	,3.1936859573582437
9.541082164328657	,3.1850108197391327
9.587174348697394	,3.1764928131908228
9.633266533066132	,3.168131114709759
9.67935871743487	,3.159924818916643
9.725450901803606	,3.151872939714247
9.771543086172343	,3.1439744119738737
9.817635270541082	,3.136228093247822
9.863727454909819	,3.128632765505624
9.909819639278556	,3.1211871368980626
9.955911823647295	,3.1138898435386793
10.002004008016032	,3.1067394513126168
10.048096192384769	,3.0997344577019366
10.094188376753506	,3.092873293631026
10.140280561122244	,3.0861543253315764
10.186372745490981	,3.0795758562225837
10.232464929859718	,3.073136128806392
10.278557114228457	,3.066833326580408
10.324649298597194	,3.0606655759595123
10.370741482965931	,3.054630948212832
10.416833667334668	,3.048727461409497
10.462925851703407	,3.0429530823745647
10.509018036072144	,3.0373057286544274
10.55511022044088	,3.0317832704856205
10.60120240480962	,3.0263835327741306
10.647294589178356	,3.0211042970760946
10.693386773547093	,3.015943303582924
10.73947895791583	,3.010898253109014
10.785571142284569	,3.0059668090792924
10.831663326653306	,3.0011465995185134
10.877755511022043	,2.9964352190374974
10.923847695390782	,2.9918302308177482
10.969939879759519	,2.9873291685923267
11.016032064128256	,2.9829295386218995
11.062124248496993	,2.9786288216641115
11.108216432865731	,2.9744244749380684
11.154308617234468	,2.9703139340775095
11.200400801603205	,2.9662946150776683
11.246492985971944	,2.962363916230032
11.292585170340681	,2.9585192200459147
11.338677354709418	,2.9547578951682407
11.384769539078155	,2.9510772982690945
11.430861723446894	,2.9474747759328856
11.47695390781563	,2.9439476665241706
11.523046092184368	,2.940493302038311
11.569138276553106	,2.9371090099355452
11.615230460921843	,2.9337921149559953
11.66132264529058	,2.930539940914443
11.707414829659317	,2.927349812476402
11.753507014028056	,2.924219056911376
11.799599198396793	,2.9211450058248687
11.84569138276553	,2.918124996867096
11.891783567134269	,2.915156375417439
11.937875751503006	,2.9122364962447307
11.983967935871743	,2.9093627251416514
12.03006012024048	,2.9065324405335407
12.076152304609218	,2.90374303505863
12.122244488977955	,2.90099191712234
12.168336673346692	,2.898276512421635
12.214428857715431	,2.8955942654411952
12.260521042084168	,2.892942640918509
12.306613226452905	,2.8903191252801914
12.352705410821642	,2.8877212280454607
12.39879759519038	,2.88514648319876
12.444889779559118	,2.882592450530188
12.490981963927855	,2.88005671694264
12.537074148296593	,2.877536897726035
12.58316633266533	,2.875030637796817
12.629258517034067	,2.8725356129047412
12.675350701402804	,2.8700495308026692
12.721442885771543	,2.8675701323836016
12.76753507014028	,2.8650951927801565
12.813627254509017	,2.8626225224287722
12.859719438877756	,2.8601499680981597
12.905811623246493	,2.857675413880086
12.95190380761523	,2.855196782143988
12.997995991983966	,2.8527120344545303
13.044088176352705	,2.850219172450501
13.090180360721442	,2.8477162386880224
13.13627254509018	,2.8452013174438733
13.182364729458918	,2.842672535482606
13.228456913827655	,2.840128062784027
13.274549098196392	,2.8375661132340255
13.320641282565129	,2.8349849452751172
13.366733466933868	,2.8323828625204577
13.412825651302605	,2.8297582143281623
13.458917835671341	,2.8271093963383116
13.50501002004008	,2.8244348509697
13.551102204408817	,2.821733067881059
13.597194388777554	,2.8190025843905584
13.643286573146291	,2.816241985859964
13.68937875751503	,2.8134499060392777
13.735470941883767	,2.810625027373016
13.781563126252504	,2.8077660812704117
13.827655310621243	,2.804871848335999
13.87374749498998	,2.8019411585636043
13.919839679358716	,2.7989728914938503
13.965931863727453	,2.7959659763332354
14.012024048096192	,2.7929193920379163
14.05811623246493	,2.7898321673600126
14.104208416833666	,2.7867033808585955
14.150300601202405	,2.7835321608748487
14.196392785571142	,2.7803176854716867
14.242484969939879	,2.7770591823378528
14.288577154308616	,2.7737559286588755
14.334669338677354	,2.7704072509524824
14.380761523046091	,2.767012524870644
14.426853707414828	,2.7635711749690497
14.472945891783567	,2.7600826744428737
14.519038076152304	,2.756546544830666
14.565130260521041	,2.7529623556865417
14.611222444889778	,2.7493297242208197
14.657314629258517	,2.745648314910163
14.703406813627254	,2.741917839077775
14.74949899799599	,2.738138054443157
14.79559118236473	,2.734308764644343
14.841683366733466	,2.730429818729986
14.887775551102203	,2.7265011106253905
14.93386773547094	,2.7225225785701497
14.97995991983968	,2.7184942045300495
15.026052104208416	,2.7144160135826034
15.072144288577153	,2.710288073278278
15.118236472945892	,2.7061104929760305
15.164328657314629	,2.7018834231561684
15.210420841683366	,2.6976070547099056
15.256513026052103	,2.693281618205681
15.302605210420841	,2.688907383135273
15.348697394789578	,2.6844846571379293
15.394789579158315	,2.680013785204764
15.440881763527054	,2.675495148863593
15.486973947895791	,2.6709291653452887
15.533066132264528	,2.6663162867321404
15.579158316633265	,2.6616569990888834
15.625250501002004	,2.6569518215776426
15.67134268537074	,2.6522013055570426
15.717434869739478	,2.647406033667121
15.763527054108216	,2.642566618899153
15.809619238476953	,2.637683703653053
15.85571142284569	,2.632757958782239
15.901803607214427	,2.627790082626472
15.947895791583166	,2.6227808000343558
15.993987975951903	,2.6177308613749837
16.04008016032064	,2.612641041541238
16.086172344689377	,2.607512138944031
16.132264529058116	,2.602344974498841
16.178356713426854	,2.5971403906057695
16.22444889779559	,2.5918992501229425
16.27054108216433	,2.5866224353348137
16.316633266533064	,2.5813108469163097
16.362725450901802	,2.5759654028925993
16.40881763527054	,2.570587037596251
16.454909819639276	,2.5651767006222173
16.501002004008015	,2.559735355780976
16.547094188376754	,2.554263980051452
16.59318637274549	,2.548763562534102
16.639278557114228	,2.543235103404051
16.685370741482966	,2.5376796128667642
16.7314629258517	,2.5320981101156477
16.77755511022044	,2.5264916222922054
16.82364729458918	,2.520861183450741
16.869739478957914	,2.515207833527448
16.915831663326653	,2.509532617313795
16.961923847695388	,2.5038365834368506
17.008016032064127	,2.4981207833458328
17.054108216432866	,2.4923862703053814
17.1002004008016	,2.4866340983977224
17.14629258517034	,2.480865321532278
17.19238476953908	,2.475080992465081
17.238476953907814	,2.4692821618283176
17.284569138276552	,2.463469877169544
17.33066132264529	,2.4576451820022704
17.376753507014026	,2.45180911486856
17.422845691382765	,2.44596270841334
17.468937875751504	,2.4401069884714914
17.51503006012024	,2.434242973168949
17.561122244488978	,2.428371672036512
17.607214428857713	,2.422494085139469
17.65330661322645	,2.416611202220828
17.69939879759519	,2.4107240018607783
17.745490981963925	,2.4048334506518962
17.791583166332664	,2.398940502390495
17.837675350701403	,2.3930460972847847
17.883767535070138	,2.3871511611806966
17.929859719438877	,2.381256604805067
17.975951903807616	,2.3753633230265088
18.02204408817635	,2.369472194135863
18.06813627254509	,2.363584079144097
18.11422845691383	,2.3576998211006526
18.160320641282564	,2.3518202444302716
18.206412825651302	,2.3459461542909033
18.252505010020037	,2.340078335950068
18.298597194388776	,2.334217554183759
18.344689378757515	,2.3283645526943673
18.39078156312625	,2.32252005355031
18.43687374749499	,2.3166847566470317
18.482965931863728	,2.3108593391893493
18.529058116232463	,2.3050444551950022
18.5751503006012	,2.2992407350210087
18.62124248496994	,2.2934487849111704
18.667334669338675	,2.2876691865663332
18.713426853707414	,2.2819024967365706
18.759519038076153	,2.276149246836514
18.805611222444888	,2.2704099425822797
18.851703406813627	,2.2646850636520206
18.897795591182362	,2.2589750633685846
18.9438877755511	,2.2532803684053064
18.98997995991984	,2.247601378514453
19.036072144288575	,2.2419384662786754
19.082164328657313	,2.236291976885301
19.128256513026052	,2.2306622279235597
19.174348697394787	,2.2250495092044886
19.220440881763526	,2.2194540826037183
19.266533066132265	,2.213876181927475
19.312625250501	,2.208316012800328
19.35871743486974	,2.202773752576668
19.404809619238478	,2.1972495502738347
19.450901803607213	,2.1917435265280716
19.49699398797595	,2.186255773572597
19.543086172344687	,2.1807863552379843
19.589178356713425	,2.1753353069744747
19.635270541082164	,2.1699026358958804
19.6813627254509	,2.1644883208452796
19.727454909819638	,2.1590923124823043
19.773547094188377	,2.153714533391476
19.819639278557112	,2.1483548782113715
19.86573146292585	,2.1430132137849043
19.91182364729459	,2.1376893793299274
19.957915831663325	,2.1323831866299443
20.004008016032063	,2.127094420245001
20.050100200400802	,2.1218228377425277
20.096192384769537	,2.1165681699466745
20.142284569138276	,2.1113301212078994
20.18837675350701	,2.1061083696904497
20.23446893787575	,2.1009025676786237
20.28056112224449	,2.0957123419011694
20.326653306613224	,2.09053729387346
20.372745490981963	,2.085377000256692
20.4188376753507	,2.0802310132346165
20.464929859719437	,2.075098860906863
20.511022044088175	,2.06998004769801
20.557114228456914	,2.064874054783239
20.60320641282565	,2.0597803405289525
20.649298597194388	,2.0546983409486117
20.695390781563127	,2.0496274701736468
20.741482965931862	,2.044567120937675
20.7875751503006	,2.039516665075446
20.833667334669336	,2.0344754540346877
20.879759519038075	,2.029442819400934
20.925851703406813	,2.0244180734349086
20.97194388777555	,2.0194005096219882
21.018036072144287	,2.0143894032330216
21.064128256513026	,2.009384011896607
21.11022044088176	,2.0043835761816737
21.1563126252505	,1.999387320190543
21.20240480961924	,1.9943944521614512
21.248496993987974	,1.9894041650806216
21.294589178356713	,1.984415637302753
21.34068136272545	,1.9794280331799818
21.386773547094187	,1.9744405036988617
21.432865731462925	,1.9694521871240802
21.47895791583166	,1.9644622096496747
21.5250501002004	,1.959469686056245
21.571142284569138	,1.9544737203739793
21.617234468937873	,1.949473406551327
21.663326653306612	,1.9444678291283424
21.70941883767535	,1.9394560639145695
21.755511022044086	,1.9344371786708692
21.801603206412825	,1.9294102337945063
21.847695390781563	,1.924374283007559
21.8937875751503	,1.9193283740473959
21.939879759519037	,1.9142715493594231
21.985971943887776	,1.9092028467914126
22.03206412825651	,1.9041213002885762
22.07815631262525	,1.8990259405896524
22.124248496993985	,1.8939157959227693
22.170340681362724	,1.8887898927010411
22.216432865731463	,1.8836472562175786
22.262525050100198	,1.878486911338932
22.308617234468937	,1.8733078831970218
22.354709418837675	,1.8681091978788373
22.40080160320641	,1.8628898831136596
22.44689378757515	,1.8576489689569087
22.492985971943888	,1.8523854884710218
22.539078156312623	,1.8470984784020885
22.585170340681362	,1.8417869798521345
22.6312625250501	,1.8364500389469995
22.677354709418836	,1.8310867074987627
22.723446893787575	,1.8256960436627239
22.76953907815631	,1.8202771125886592
22.81563126252505	,1.814828987065404
22.861723446893787	,1.8093507481588702
22.907815631262523	,1.8038414858432397
22.95390781563126	,1.7983002996243016
23.0	,1.7927262991553192
