1.952403306936727,4.59,4.62,4.64,4.67
1.967764313683775,3.76,3.78,4.16,4.23,4.24,4.25,4.41,4.42,4.44,4.49,4.57,4.69
1.9841172886951515,3.45,3.46,3.58,3.63,3.65,3.67,3.68,3.71,3.72,3.97,3.98,4.53,4.55,4.71,4.74,4.82,4.83,4.94,5.01,5.02,5.04,5.05
2.001560760605811,3.2,3.21,3.42,3.5,3.51,5.23,5.26,5.3,5.31,5.32,5.39,5.4
2.0202053269014275,3.12,3.14,3.17,3.25,3.37,5.44,5.46,5.5
2.0401752599937097,2.89,2.9,2.96,2.98,2.99,5.62,5.63,5.65,5.66,5.68,5.74,5.75,5.77,5.78
2.0616102888813304,2.65,2.66,2.83,5.92,5.96,5.98
2.0846675443332177,2.6,2.7,2.72,6.0,6.01,6.08,6.19,6.29
2.109523632841894,2.52,2.53,2.58,6.12,6.17,6.31
2.136376768311199,2.43,6.32,6.43,6.44
2.1654488342091844,2.28,2.29,2.4,6.47,6.51,6.54
2.196987164163712,2.21,2.22,2.24,6.64
2.2312657048356725,2.17,6.75,6.79,6.84
2.268585048972369,2.01,2.03,2.07,6.88,6.9,6.91,6.94,6.95,6.97,6.98
2.3092705875982817,1.69,1.73,1.77,1.8,1.93,1.96,2.0,7.02
2.3536677248190268,1.6,1.82,1.91,1.98,1.99,7.11,7.12,7.13,7.15,7.16,7.18,7.2
2.4021327440430094,1.55,1.83,1.89,7.25
2.455017571864459,1.46,1.49,1.51,1.84,1.87,7.35
2.5126464949418548,1.42,1.84,1.85,7.45
2.575283102113553,1.38,7.47,7.49,7.54,7.55,7.56
2.643086736459092,1.31,7.58,7.59,7.6
2.7160599990275363,1.29,7.64,7.65,7.66
2.7939926107988473,1.27,7.7,7.71,7.72,7.73,7.74,7.79,7.8
2.8764118140761363,1.26,7.81
2.962553873903746,1.19,1.2,1.24,7.82
3.0513722470309848,1.18,1.21,1.23,7.83
