b,alpha
8.935,0.001154700410121379
8.935,0.0023094040384849528
8.935,0.0034641180921567796
8.935,0.004618849777786945
8.935,0.005773606303357835
8.935,0.0069283948774838235
8.935,0.00808322271023556
8.935,0.009238097013157278
8.935,0.010393024999788447
8.935,0.011548013885846331
8.935,0.012703070889556184
8.935,0.013858203232010839
8.935,0.015013418137410707
8.935,0.01616872283339502
8.935,0.01732412455138964
8.935,0.018479630526837935
8.935,0.01963524799961734
8.935,0.02079098421422213
8.935,0.02194684642019827
8.935,0.023102841872343023
8.935,0.02425897783113228
8.935,0.025415261562922908
8.935,0.026571700340345433
8.935,0.02772830144255914
8.935,0.028885072155623363
8.935,0.030042019772776186
8.935,0.031199151594747704
8.935,0.03235647493009576
8.935,0.03351399709552882
8.935,0.03467172541618684
8.935,0.035829667226004426
8.935,0.036987829868008804
8.935,0.0381462206946453
8.935,0.03930484706809896
8.935,0.04046371636061034
8.935,0.04162283595482121
8.935,0.04278221324409262
8.935,0.043941855632812804
8.935,0.04510177053675351
8.935,0.04626196538337489
8.96,0.04742244761216963
8.96,0.04858322467500777
8.96,0.049744304036428426
8.96,0.0509056931740329
8.96,0.052067399578762955
8.96,0.05322943075528396
8.96,0.05439179422229802
8.96,0.055554497512887095
8.96,0.05671754817487797
8.96,0.057880953771150975
8.96,0.05904472188001687
8.96,0.060208860095549224
8.96,0.0613733760279397
8.96,0.06253827730383232
8.96,0.06370357156670563
8.96,0.06486926647720925
8.96,0.06603536971351939
8.96,0.0672018889717042
8.96,0.06836883196608316
8.96,0.06953620642959077
8.96,0.07070402011413283
8.96,0.07187228079097797
8.96,0.07304099625109053
8.96,0.0742101743055341
8.96,0.0753798227858302
8.96,0.07654994954433943
8.96,0.0777205624546352
8.96,0.07889166941189228
8.96,0.08006327833326181
8.96,0.08123539715827247
8.96,0.08240803384919469
8.96,0.08358119639146018
8.96,0.08475489279403314
8.96,0.08592913108982328
8.96,0.08710391933607359
8.96,0.08827926561477356
8.96,0.08945517803305396
8.96,0.09063166472360672
8.96,0.09180873384508641
8.96,0.09298639358252932
8.96,0.0941646521477676
8.96,0.09534351777986533
8.96,0.0965229987455159
8.96,0.09770310333949282
8.96,0.09888383988507271
8.96,0.10006521673445941
8.96,0.10124724226923772
8.96,0.10242992490081394
8.96,0.10361327307084116
8.96,0.10479729525169275
8.96,0.10598199994689443
8.96,0.10716739569159775
8.96,0.1083534910530282
8.96,0.10954029463094518
8.96,0.11072781505812909
8.96,0.1119160610008327
8.96,0.11310504115927011
8.96,0.11429476426809096
8.96,0.1154852390968686
8.96,0.11667647445058717
8.96,0.11786847917013271
8.96,0.11906126213279311
8.96,0.12025483225276866
8.96,0.12144919848166588
8.96,0.1226443698090147
8.96,0.12384035526278662
8.96,0.1250371639099173
8.96,0.1262348048568303
8.96,0.12743328724996764
8.96,0.1286326202763352
8.96,0.12983281316402853
8.96,0.1310338751828016
8.96,0.1322358156446012
8.96,0.13343864390413193
8.96,0.13464236935942295
8.96,0.13584700145239445
8.96,0.13705254966943328
8.96,0.13825902354197514
8.96,0.13946643264709144
8.96,0.14067478660807944
8.96,0.14188409509507355
8.96,0.14309436782562893
8.96,0.14430561456535757
8.96,0.14551784512853475
8.96,0.14673106937871966
8.96,0.14794529722940117
8.985,0.1491605386446251
8.985,0.15037680363964262
8.985,0.15159410228156842
8.985,0.1528124446900293
8.985,0.15403184103784498
8.985,0.15525230155169006
8.985,0.1564738365127901
8.985,0.15769645625759007
8.985,0.1589201711784756
8.985,0.16014499172446484
8.985,0.16137092840191924
8.985,0.1625979917752792
8.985,0.1638261924677741
8.985,0.16505554116218163
8.985,0.16628604860155594
8.985,0.16751772558999745
8.985,0.16875058299340734
8.985,0.16998463174026665
8.985,0.17121988282241768
8.985,0.17245634729585244
8.985,0.17369403628152122
8.985,0.1749329609661354
8.985,0.17617313260299217
8.985,0.17741456251280577
8.985,0.17865726208454963
8.985,0.17990124277630054
8.985,0.18114651611611082
8.985,0.18239309370286919
8.985,0.18364098720719182
8.985,0.1848902083723152
8.985,0.1861407690149955
8.985,0.18739268102643739
8.985,0.18864595637320414
8.985,0.189900607098176
8.985,0.19115664532149174
8.985,0.1924140832415134
8.985,0.193672933135803
8.985,0.19493320736211983
8.985,0.1961949183594048
8.985,0.19745807864881534
8.985,0.1987227008347372
8.985,0.19998879760583602
8.985,0.2012563817361099
8.985,0.2025254660859562
8.985,0.2037960636032585
8.985,0.20506818732448268
9.01,0.20634185037578792
9.01,0.20761706597416169
9.01,0.20889384742855216
9.01,0.21017220814103285
9.01,0.21145216160797592
9.01,0.2127337214212403
9.01,0.21401690126938205
9.01,0.21530171493887137
9.01,0.21658817631533953
9.01,0.21787629938482833
9.01,0.21916609823507113
9.01,0.22045758705678056
9.01,0.2217507801449656
9.01,0.22304569190025175
9.01,0.2243423368302348
9.01,0.2256407295508484
9.01,0.22694088478774355
9.01,0.22824281737770502
9.01,0.22954654227007132
9.01,0.23085207452818046
9.01,0.2321594293308425
9.01,0.23346862197382662
9.01,0.23477966787137422
9.01,0.236092582557725
9.01,0.23740738168868408
9.01,0.2387240810431904
9.01,0.24004269652492244
9.01,0.2413632441639275
9.01,0.24268574011826521
9.01,0.24401020067568652
9.01,0.245336642255333
9.01,0.24666508140946233
9.01,0.24799553482519715
9.035,0.24932801932630733
9.035,0.2506625518750143
9.035,0.2519991495738215
9.035,0.2533378296673795
9.035,0.2546786095443709
9.035,0.2560215067394352
9.035,0.2573665389351126
9.035,0.25871372396382747
9.035,0.26006307980989507
9.035,0.26141462461156567
9.035,0.26276837666309794
9.035,0.2641243544168641
9.035,0.2654825764854947
9.035,0.2668430616440479
9.035,0.26820582883222316
9.035,0.26957089715660115
9.035,0.2709382858929302
9.035,0.272308014488438
9.035,0.2736801025641919
9.035,0.27505456991749155
9.035,0.2764314365242999
9.035,0.27781072254171757
9.035,0.2791924483104977
9.035,0.28057663435759717
9.035,0.28196330139878023
9.035,0.28335247034125294
9.035,0.2847441622863529
9.035,0.28613839853227824
9.06,0.2875352005768625
9.06,0.28893459012039846
9.06,0.2903365890685099
9.06,0.2917412195350714
9.06,0.2931485038451768
9.06,0.2945584645381609
9.06,0.29597112437067497
9.06,0.2973865063198062
9.06,0.2988046335862667
9.06,0.30022552959762117
9.06,0.30164921801158584
9.06,0.3030757227193728
9.06,0.30450506784910364
9.06,0.305937277769278
9.06,0.30737237709230214
9.06,0.3088103906780863
9.06,0.3102513436377014
9.06,0.3116952613371025
9.06,0.31314216940092354
9.06,0.3145920937163307
9.06,0.3160450604369595
9.06,0.3175010959869122
9.06,0.31896022706483246
9.085,0.3204224806480591
9.085,0.3218878839968473
9.085,0.32335646465867735
9.085,0.3248282504726366
9.085,0.32630326957388894
9.085,0.327781550398222
9.085,0.32926312168668487
9.085,0.330748012490312
9.085,0.33223625217493435
9.085,0.3337278704260852
9.085,0.3352228972539989
9.085,0.3367213629987043
9.085,0.3382232983352178
9.085,0.3397287342788358
9.085,0.3412377021905308
9.085,0.34275023378245184
9.085,0.34426636112353465
9.085,0.34578611664521625
9.085,0.34730953314727203
9.085,0.34883664380375956
9.085,0.3503674821690835
9.11,0.35190208218418606
9.11,0.3534404781828539
9.11,0.35498270489815803
9.11,0.3565287974690201
9.11,0.35807879144691745
9.11,0.3596327228027174
9.11,0.3611906279336577
9.11,0.3627525436704662
9.11,0.3643185072846323
9.11,0.3658885564958232
9.11,0.3674627294794617
9.11,0.36904106487445354
9.11,0.37062360179108644
9.11,0.37221037981908967
9.11,0.37380143903586344
9.11,0.37539682001489105
9.11,0.3769965638343206
9.135,0.3786007120857393
9.135,0.38020930688312876
9.135,0.38182239087202513
9.135,0.3834400072388649
9.135,0.38506219972054684
9.135,0.38668901261419436
9.135,0.38832049078714076
9.135,0.38995667968712744
9.135,0.3915976253527359
9.135,0.39324337442404855
9.135,0.3948939741535471
9.135,0.39654947241726235
9.135,0.3982099177261698
9.135,0.39987535923784784
9.135,0.4015458467684009
9.135,0.40322143080465583
9.16,0.4049021625166412
9.16,0.4065880937703516
9.16,0.40827927714081186
9.16,0.4099757659254474
9.16,0.41167761415776166
9.16,0.41338487662134626
9.16,0.4150976088642142
9.16,0.41681586721347785
9.16,0.4185397087903787
9.16,0.420269191525675
9.16,0.4220043741754063
9.16,0.42374531633703405
9.16,0.4254920784659783
9.16,0.4272447218925628
9.16,0.4290033088393704
9.185,0.43076790243903396
9.185,0.4325385667524658
9.185,0.43431536678754185
9.185,0.4360983685182588
9.185,0.43788763890437066
9.185,0.43968324591152314
9.185,0.44148525853190385
9.185,0.4432937468054185
9.185,0.4451087818414142
9.185,0.44693043584096154
9.185,0.44875878211971965
9.185,0.4505938951313967
9.185,0.45243585049182544
9.21,0.45428472500367845
9.21,0.45614059668183354
9.21,0.4580035447794222
9.21,0.4598736498145697
9.21,0.4617509935978642
9.21,0.46363565926056194
9.21,0.46552773128356745
9.21,0.4674272955272036
9.21,0.4693344392618044
9.21,0.4712492511991524
9.21,0.47317182152479287
9.21,0.47510224193125355
9.235,0.47704060565219525
9.235,0.4789870074975334
9.235,0.48094154388955956
9.235,0.482904312900089
9.235,0.4848754142886889
9.235,0.4868549495420032
9.235,0.48884302191422674
9.235,0.49083973646876283
9.235,0.49284520012110783
9.235,0.4948595216830032
9.26,0.49688281190790645
9.26,0.49891518353781855
9.26,0.500956751351528
9.26,0.5030076322143108
9.26,0.5050679451291513
9.26,0.5071378112895292
9.26,0.5092173541338361
9.26,0.5113066994014823
9.26,0.5134059751907538
9.26,0.5155153120184862
9.285,0.5176348428816239
9.285,0.5197647033207398
9.285,0.5219050314855841
9.285,0.524055968202742
9.285,0.5262176570454872
9.285,0.5283902444059071
9.285,0.5305738795694007
9.285,0.5327687147916246
9.285,0.5349749053780093
9.285,0.5371926097659206
9.31,0.5394219896095948
9.31,0.5416632098679456
9.31,0.5439164388953676
9.31,0.546181848535652
9.31,0.5484596142191512
9.31,0.5507499150633175
9.31,0.5530529339767613
9.31,0.5553688577669814
9.335,0.5576978772519117
9.335,0.5600401873754562
9.335,0.5623959873271761
9.335,0.5647654806663162
9.335,0.5671488754503508
9.335,0.5695463843682502
9.335,0.5719582248786781
9.335,0.5743846193533306
9.36,0.5768257952256621
9.36,0.579281985145216
9.36,0.5817534271378397
9.36,0.5842403647720328
9.36,0.5867430473317228
9.36,0.5892617299957561
9.36,0.5917966740244253
9.385,0.5943481469533561
9.385,0.5969164227951067
9.385,0.5995017822488472
9.385,0.6021045129184999
9.385,0.6047249095397598
9.385,0.6073632742164179
9.385,0.6100199166664533
9.41,0.612695154478369
9.41,0.6153893133782863
9.41,0.6181027275083387
9.41,0.6208357397169334
9.41,0.6235887018614918
9.41,0.6263619751243038
9.41,0.629155930342181
9.435,0.6319709483506264
9.435,0.6348074203432901
9.435,0.6376657482475117
9.435,0.6405463451168261
9.435,0.6434496355413324
9.435,0.6463760560769122
9.46,0.6493260556943181
9.46,0.6523000962492443
9.46,0.6552986529745389
9.46,0.6583222149958137
9.46,0.6613712858717709
9.485,0.6644463841606686
9.485,0.6675480440144292
9.485,0.6706768158020046
9.485,0.6738332667637117
9.485,0.6770179816983813
9.51,0.6802315636852792
9.51,0.6834746348428918
9.51,0.6867478371268355
9.51,0.6900518331692747
9.51,0.693387307162438
9.535,0.6967549657889817
9.535,0.7001555392021638
9.535,0.7035897820589984
9.535,0.7070584746098075
9.535,0.7105624238478181
9.56,0.7141024647227547
9.56,0.7176794614226556
9.56,0.7212943087284693
9.56,0.7249479334463409
9.585,0.7286412959228851
9.585,0.7323753916491427
9.585,0.7361512529593872
9.585,0.7399699508314248
9.61,0.7438325967955838
9.61,0.7477403449601535
9.61,0.7516943941616964
9.61,0.7556959902493294
9.635,0.7597464285128555
9.635,0.763847056265438
9.635,0.767999275592443
9.635,0.772204546279058
9.66,0.7764643889303968
9.66,0.7807803882989989
9.66,0.7851541968359489
9.685,0.7895875384832838
9.685,0.7940822127269491
9.685,0.7986400989313021
9.71,0.8032631609780879
9.71,0.8079534522349161
9.71,0.8127131208806003
9.735,0.8175444156172742
9.735,0.8224496918020164
9.735,0.8274314180338368
9.76,0.832492183235279
9.76,0.8376347042716972
9.76,0.8428618341553943
9.785,0.8481765708864301
9.785,0.8535820669869338
9.785,0.8590816397913407
9.81,0.8646787825610962
9.81,0.8703771764991072
9.835,0.8761807037466335
9.835,0.8820934614534179
9.835,0.8881197770207553
9.86,0.894264224626886
9.86,0.9005316431546635
9.885,0.9069271556528701
9.885,0.9134561904748825
9.91,0.9201245042515649
9.91,0.9269382068692572
9.935,0.9339037886383814
9.935,0.9410281498533136
9.96,0.9483186329594278
9.96,0.9557830575581401
9.985,0.9634297584946339
10.01,0.9712676272847803
10.01,0.9793061571461268
10.035,0.9875554919008391
10.035,0.9960264790134764
10.06,1.0047307270098602
10.085,1.0136806674902474
10.085,1.0228896218939563
10.11,1.0323718730848421
10.135,1.0421427416959133
10.135,1.0522186669815188
10.16,1.0626172916566246
10.185,1.0733575498281165
10.21,1.084459756608179
10.235,1.095945697300041
10.26,1.1078387131047982
10.26,1.1201637790432373
10.285,1.1329475681305892
10.31,1.146218493679655
10.335,1.1600067188177363
10.36,1.1743441187549848
10.385,1.189264176911612
10.435,1.2048017906091584
10.46,1.2209929556535042
10.485,1.237874291952868
10.51,1.2554823647940139
10.535,1.2738527495080754
10.585,1.2930187826999047
10.61,1.3130099437265568
10.635,1.3338498197021278
10.685,1.3555536313018808
10.71,1.3781253412047851
10.735,1.4015544377445461
10.785,1.4258125854438048
10.81,1.4508504560471407
10.835,1.476595180026076
10.885,1.5029489545142058
10.91,1.5297893605074724
10.935,1.5569718301700948
10.96,1.584334437722362
10.985,1.611704789195081
11.01,1.63890834650162
11.035,1.6657771745731884
11.06,1.6921579732914722
11.085,1.7179184037192523
11.11,1.7429510920035993
11.11,1.7671751647993472
11.135,1.7905355905658245
11.135,1.8130008710747108
11.135,1.8345597199957113
11.16,1.8552173144746886
11.16,1.8749915727650324
11.16,1.8939097547582657
11.16,1.912005542098865
11.16,1.9293166486642823
11.185,1.9458829431068194
11.185,1.961745027032657
11.185,1.9769431965958413
11.185,1.9915167136482927
11.185,2.0055033187645632
11.185,2.0189389281137737
11.185,2.031857466622344
11.185,2.0442907997132593
11.185,2.0562687344628228
11.185,2.06781906809328
11.185,2.0789676673783775
11.185,2.0897385669517674
11.185,2.1001540778841514
11.185,2.1102349004382175
11.185,2.120000236801088
11.185,2.1294679009829407
11.16,2.1386544240789194
11.16,2.14757515381483
11.16,2.156244347808705
11.16,2.164675260336186
11.16,2.1728802226297095
11.16,2.180870716901225
11.16,2.188657444378773
11.16,2.1962503877059714
11.16,2.203658868082747
11.16,2.210891597534739
11.16,2.2179567266942573
11.16,2.2248618884622537
11.16,2.2316142379019217
11.16,2.238220488692545
11.16,2.2446869464488586
11.16,2.2510195391875163
11.135,2.2572238451990714
11.135,2.263305118561645
11.135,2.269268312511484
11.135,2.275118100866026
11.135,2.2808588976769935
11.135,2.286494875274407
11.135,2.2920299808471905
11.135,2.2974679516922163
11.135,2.3028123292510307
11.135,2.3080664720421633
11.135,2.3132335675865865
11.135,2.318316643414616
11.135,2.323318577234161
11.135,2.3282421063326586
11.135,2.3330898362782326
11.135,2.337864248979459
11.11,2.3425677101576134
11.11,2.3472024762802683
11.11,2.3517707010006426
11.11,2.356274441143034
11.11,2.360715662271028
11.11,2.3650962438718848
11.11,2.3694179841875087
11.11,2.373682604719745
11.11,2.377891754435299
11.11,2.382047013693383
11.11,2.3861498979172056
11.11,2.390201861028613
11.11,2.3942042986635657
11.11,2.398158551184638
11.11,2.402065906505394
11.11,2.4059276027402707
11.11,2.4097448306924725
11.11,2.413518736191387
11.11,2.4172504222901012
11.085,2.420940951332758
11.085,2.4245913469007196
11.085,2.4282025956458226
11.085,2.4317756490183533
11.085,2.435311424896791
11.085,2.438810809125837
11.085,2.4422746569687526
11.085,2.4457037944795834
11.085,2.4490990198004297
11.085,2.4524611043885503
11.085,2.4557907941777444
11.085,2.4590888106781175
11.085,2.462355852018069
11.085,2.4655925939320498
11.085,2.468799690697399
11.085,2.4719777760233352
11.085,2.4751274638949656
11.085,2.4782493493749884
11.085,2.4813440093655617
11.085,2.4844120033326846
11.085,2.487453873995234
11.085,2.4904701479806954
11.085,2.493461336449473
11.06,2.496427935689554
11.06,2.499370427683176
11.06,2.502289280647047
11.06,2.50518494954758
11.06,2.5080578765924875
11.06,2.5109084917000226
11.06,2.51373721294706
11.06,2.5165444469971354
11.06,2.5193305895095124
11.06,2.5220960255302516
11.06,2.5248411298662234
11.06,2.5275662674429444
11.06,2.5302717936470542
11.06,2.5329580546542148
11.06,2.5356253877431616
11.06,2.538274121596603
11.06,2.540904576589606
11.06,2.543517065066095
11.06,2.5461118916040335
11.06,2.548689353269837
11.06,2.5512497398625387
11.06,2.553793334148189
11.06,2.5563204120849528
11.06,2.5588312430393434
11.06,2.561326089993998
11.06,2.5638052097473936
11.06,2.566268853105876
11.06,2.568717265068333
11.035,2.5711506850038672
11.035,2.5735693468227714
11.035,2.5759734791411044
11.035,2.5783633054391553
11.035,2.5807390442140585
11.035,2.5831009091268275
11.035,2.585449109144027
11.035,2.5877838486743414
11.035,2.5901053277002375
11.035,2.592413741904938
11.035,2.5947092827949025
11.035,2.596992137818004
11.035,2.5992624904775816
11.035,2.6015205204425373
11.035,2.603766403653642
11.035,2.606000312426202
11.035,2.608222415549241
11.035,2.6104328783813235
11.035,2.6126318629431795
11.035,2.6148195280072204
11.035,2.6169960291841106
11.035,2.6191615190064748
11.035,2.621316147009881
11.035,2.623460059811181
11.035,2.625593401184329
11.035,2.6277163121337637
11.035,2.62982893096545
11.035,2.631931393355673
11.035,2.6340238324176624
11.035,2.6361063787661285
11.035,2.6381791605797944
11.035,2.6402423036619935
11.035,2.6422959314994
11.035,2.644340165318973
11.035,2.6463751241431575
11.035,2.648400924843431
11.035,2.6504176821922374
11.01,2.6524255089133675
11.01,2.6544245157308497
11.01,2.6564148114163944
11.01,2.6583965028354504
11.01,2.6603696949919113
11.01,2.662334491071536
11.01,2.664290992484103
11.01,2.6662392989043697
11.01,2.668179508311854
11.01,2.67011171702949
11.01,2.6720360197611988
11.01,2.673952509628398
11.01,2.6758612782054976
11.01,2.6777624155544086
11.01,2.679656010258101
11.01,2.681542149453242
11.01,2.6834209188619416
11.01,2.685292402822635
11.01,2.687156684320134
11.01,2.6890138450148715
11.01,2.6908639652713573
11.01,2.6927071241858913
11.01,2.69454339961353
11.01,2.6963728681943504
11.01,2.698195605379028
11.01,2.700011685453743
11.01,2.701821181564449
11.01,2.703624165740509
11.01,2.7054207089177287
11.01,2.7072108809608064
11.01,2.7089947506852026
11.01,2.7107723858784674
11.01,2.7125438533210287
11.01,2.7143092188064575
11.01,2.716068547161233
11.01,2.7178219022640167
11.01,2.719569347064451
11.01,2.7213109436014977
11.01,2.723046753021331
11.01,2.72477683559479
11.01,2.726501250734418
11.01,2.7282200570110846
11.01,2.7299333121702114
11.01,2.731641073147618
11.01,2.73334339608498
11.01,2.735040336344934
11.01,2.736731948525821
11.01,2.7384182864760884
10.985,2.7400994033083523
10.985,2.7417753514131404
10.985,2.743446182472315
10.985,2.7451119474721852
10.985,2.7467726967163237
10.985,2.748428479838092
10.985,2.7500793458128783
10.985,2.751725342970063
10.985,2.7533665190047154
10.985,2.755002920989027
10.985,2.7566345953834954
10.985,2.758261588047853
10.985,2.759883944251763
10.985,2.761501708685273
10.985,2.7631149254690475
10.985,2.764723638164374
10.985,2.7663278897829526
10.985,2.7679277227964736
10.985,2.769523179145993
10.985,2.771114300251104
10.985,2.7727011270189146
10.985,2.774283699852837
10.985,2.775862058661187
10.985,2.777436242865608
10.985,2.7790062914093125
10.985,2.78057224276516
10.985,2.7821341349435604
10.985,2.783692005500215
10.985,2.7852458915437026
10.985,2.786795829742908
10.985,2.7883418563342937
10.985,2.7898840071290336
10.985,2.791422317519995
10.985,2.792956822488582
10.985,2.7944875566114415
10.985,2.7960145540670367
10.985,2.7975378486420883
10.985,2.7990574737378866
10.985,2.8005734623764824
10.985,2.8020858472067536
10.985,2.803594660510353
10.985,2.8050999342075422
10.985,2.806601699862911
10.985,2.8080999886909828
10.985,2.8095948315617187
10.985,2.8110862590059114
10.985,2.812574301220474
10.985,2.8140589880736364
10.985,2.8155403491100333
10.985,2.8170184135557
10.985,2.8184932103229787
10.985,2.8199647680153244
10.985,2.821433114932028
10.985,2.822898279072849
10.985,2.8243602881425596
10.985,2.825819169555409
10.985,2.827274950439507
10.985,2.828727657641118
10.985,2.8301773177288907
10.985,2.8316239569979964
10.985,2.8330676014742044
10.985,2.8345082769178758
10.985,2.83594600882789
10.985,2.837380822445498
10.985,2.8388127427581096
10.985,2.840241794503012
10.985,2.8416680021710223
10.985,2.8430913900100756
10.985,2.84451198202875
10.985,2.845929801999733
10.985,2.847344873463222
10.96,2.8487572197302695
10.96,2.8501668638860673
10.96,2.8515738287931813
10.96,2.852978137094723
10.96,2.8543798112174645
10.96,2.855778873374913
10.96,2.8571753455703233
10.96,2.858569249599656
10.96,2.859960607054499
10.96,2.8613494393249264
10.96,2.8627357676023157
10.96,2.8641196128821216
10.96,2.865500995966596
10.96,2.8668799374674685
10.96,2.8682564578085774
10.96,2.8696305772284654
10.96,2.871002315782928
10.96,2.8723716933475147
10.96,2.8737387296200025
10.96,2.8751034441228196
10.96,2.8764658562054333
10.96,2.8778259850466963
10.96,2.879183849657161
10.96,2.880539468881352
10.96,2.881892861400009
10.96,2.8832440457322823
10.96,2.8845930402379056
10.96,2.8859398631193285
10.96,2.887284532423819
10.96,2.8886270660455264
10.96,2.889967481727525
10.96,2.8913057970638083
10.96,2.892642029501269
10.96,2.893976196341641
10.96,2.895308314743408
10.96,2.8966384017236937
10.96,2.897966474160109
10.96,2.8992925487925887
10.96,2.9006166422251787
10.96,2.901938770927822
10.96,2.903258951238091
10.96,2.9045771993629184
10.96,2.9058935313802827
10.96,2.9072079632408827
10.96,2.908520510769777
10.96,2.90983118966801
10.96,2.9111400155142015
10.96,2.912447003766123
10.96,2.9137521697622515
10.96,2.9150555287232867
10.96,2.916357095753668
10.96,2.917656885843049
10.96,2.918954913867769
10.96,2.9202511945922853
10.96,2.9215457426705984
10.96,2.9228385726476573
10.96,2.9241296989607326
10.96,2.9254191359407833
10.96,2.926706897813799
10.96,2.9279929987021207
10.96,2.9292774526257515
10.96,2.930560273503639
10.96,2.9318414751549464
10.96,2.933121071300306
10.96,2.9343990755630527
10.96,2.9356755014704405
10.96,2.93695036245485
10.96,2.9382236718549652
10.96,2.9394954429169515
10.96,2.9407656887956004
10.96,2.942034422555475
10.96,2.9433016571720296
10.96,2.944567405532717
10.96,2.9458316804380833
10.96,2.9470944946028466
10.96,2.948355860656964
10.96,2.9496157911466776
10.96,2.950874298535555
10.96,2.9521313952055124
10.96,2.9533870934578235
10.96,2.954641405514124
10.96,2.955894343517385
10.96,2.9571459195328966
10.96,2.958396145549221
10.96,2.9596450334791387
10.96,2.9608925951605936
10.96,2.962138842357605
10.96,2.9633837867611943
10.96,2.964627439990269
10.96,2.965869813592529
10.96,2.9671109190453384
10.96,2.9683507677565917
10.96,2.9695893710655774
10.96,2.970826740243819
10.96,2.9720628864959178
10.96,2.9732978209603793
10.96,2.974531554710424
10.96,2.9757640987548033
10.96,2.976995464038594
10.96,2.978225661443981
10.96,2.9794547017910475
10.96,2.9806825958385366
10.96,2.981909354284614
10.96,2.9831349877676208
10.96,2.98435950686682
10.96,2.985582922103127
10.96,2.986805243939836
10.96,2.988026482783342
10.96,2.989246648983848
10.96,2.9904657528360685
10.96,2.9916838045799263
10.96,2.9929008144012332
10.96,2.9941167924323757
10.96,2.9953317487529754
10.96,2.9965456933905728
10.96,2.9977586363212607
10.96,2.998970587470355
10.96,3.000181556713022
10.96,3.001391553874921
10.96,3.0026005887328364
10.96,3.003808671015296
10.96,3.0050158104031834
10.96,3.0062220165303546
10.96,3.0074272989842425
10.96,3.0086316673064384
10.96,3.009835130993305
10.96,3.0110376994965464
10.96,3.0122393822237843
10.96,3.013440188539145
10.96,3.01464012776381
10.96,3.0158392091765998
10.96,3.017037442014501
10.96,3.0182348354732365
10.96,3.01943139870781
10.935,3.020627140833038
10.935,3.0218220709240877
10.935,3.0230161980170043
10.935,3.0242095311092454
10.935,3.0254020791601848
10.935,3.0265938510916386
10.935,3.0277848557883686
10.935,3.028975102098597
10.935,3.0301645988344887
10.935,3.031353354772669
10.935,3.032541378654701
10.935,3.0337286791875724
10.935,3.0349152650441855
10.935,3.0361011448638324
10.935,3.0372863272526653
10.935,3.038470820784171
10.935,3.039654633999641
10.935,3.040837775408619
10.935,3.042020253489375
10.935,3.043202076689353
10.935,3.0443832534256208
10.935,3.0455637920853125
10.935,3.046743701026084
10.935,3.0479229885765435
10.935,3.0491016630366863
10.935,3.0502797326783346
10.935,3.0514572057455567
10.935,3.0526340904551064
10.935,3.053810394996833
10.935,3.0549861275341015
10.935,3.056161296204226
10.935,3.0573359091188546
10.935,3.0585099743644015
10.935,3.05968350000245
10.935,3.0608564940701464
10.935,3.0620289645806142
10.935,3.063200919523341
10.935,3.064372366864584
10.935,3.065543314547758
10.935,3.066713770493822
10.935,3.0678837426016767
10.935,3.069053238748538
10.935,3.0702222667903336
10.935,3.0713908345620613
10.935,3.0725589498781885
10.935,3.0737266205330194
10.935,3.0748938543010653
10.935,3.076060658937409
10.935,3.0772270421780967
10.935,3.0783930117404745
10.935,3.0795585753235724
10.935,3.0807237406084593
10.935,3.081888515258602
10.935,3.083052906920228
10.935,3.084216923222676
10.935,3.0853805717787535
10.935,3.086543860185084
10.935,3.087706796022463
10.935,3.088869386856207
10.935,3.090031640236485
10.935,3.0911935636986927
10.935,3.092355164763771
10.935,3.0935164509385484
10.935,3.094677429716099
10.935,3.0958381085760642
10.935,3.0969984949850002
10.935,3.0981585963967064
10.935,3.0993184202525614
10.935,3.1004779739818606
10.935,3.101637265002137
10.935,3.102796300719514
10.935,3.103955088528988
10.935,3.1051136358148197
10.935,3.1062719499508114
10.935,3.107430038300648
10.935,3.1085879082182193
10.935,3.109745567047954
10.935,3.110903022125131
10.935,3.1120602807761895
10.935,3.113217350319071
10.935,3.114374238063535
10.935,3.115530951311458
10.935,3.116687497357177
10.935,3.1178438834877857
10.935,3.1190001169834423
10.935,3.1201562051177425
10.935,3.121312155157942
10.935,3.1224679743653447
10.935,3.1236236699955975
10.935,3.124779249298969
10.935,3.1259347195206986
10.935,3.1270900879012986
10.935,3.1282453616768757
10.935,3.1294005480793796
10.935,3.130555654337016
10.935,3.1317106876744605
10.935,3.1328656553132435
10.935,3.1340205644719816
10.935,3.135175422366733
10.935,3.1363302362113523
10.935,3.1374850132176793
10.935,3.1386397605959355
10.935,3.1397944855548334
10.935,3.140949195302657
10.935,3.1410814101334386
