3.942476676500724e-8,2.71,4.66
0.09022040655881607,2.71,4.66
0.17903877968604423,2.71,4.66
0.26518083951365384,2.71,4.66
0.34760004279094864,2.71,4.66
0.4255326545622561,2.7,4.66
0.49850591713069964,2.7,4.67
0.5663095514762402,2.69,4.67
0.6289461586479388,2.69,4.67
0.6865750817253361,2.68,4.68
0.7394599095467839,2.67,4.68
0.7879249287707665,2.66,4.68
0.8323220659915123,2.65,4.68
0.8730076046174253,2.65,4.69
0.9103269487541213,2.64,4.69
0.944605489426082,2.63,4.7
0.9761438193806089,2.62,4.7
1.005215885278594,2.61,4.71
1.0320690207478997,2.6,4.71
1.056925109256576,2.59,4.72
1.0799823647084634,2.58,4.72
1.1014173935960838,2.57,4.73
1.121387326688366,2.56,4.73
1.1400318929839823,2.55,4.74
1.1574753648946419,2.54,4.74
1.1738283399060188,2.53,4.75
1.1891893466530663,2.52,4.76
1.2036462769740703,2.51,4.77
1.2172776532177783,2.5,4.77
1.230153744006302,2.49,4.78
1.2423375432293724,2.48,4.78
1.253885627200739,2.47,4.79
1.2648489042521198,2.46,4.79
1.2752732699601448,2.45,4.8
1.2852001799374826,2.43,4.8
1.2946671508157674,2.42,4.8
1.3037081987887709,2.41,4.81
1.3123542239142227,2.39,4.81
1.3206333473122476,2.38,4.81
1.3285712074533755,2.37,4.83
1.3361912208967475,2.36,4.84
1.3435148121120601,2.35,4.85
1.350561616387403,2.34,4.86
1.3573496592790764,2.33,4.86
1.3638955155885437,2.32,4.87
1.3702144504462936,2.31,4.87
1.3763205447338138,2.29,4.88
1.3822268067753027,2.28,4.89
1.3879452719733365,2.26,4.89
1.3934870918414037,2.25,4.9
1.3988626136959306,2.24,4.91
1.4040814521065896,2.22,4.91
1.4091525530625688,2.21,4.92
1.4140842516907441,2.19,4.93
1.418884324256581,2.18,4.94
1.4235600350877078,2.17,4.95
1.428118178981397,2.16,4.95
1.4325651195889637,2.15,4.96
1.4369068242108347,2.14,4.97
1.4411488953845213,2.13,4.98
1.4452965996028566,2.11,4.98
1.4493548934607194,2.1,4.99
1.453328447494284,2.08,5.0
1.4572216679469252,2.07,5.02
1.461038716669707,2.07,5.02
1.4647835293413978,2.06,5.03
1.4684598321727493,2.03,5.04
1.4720711572420029,2.0,5.05
1.4756208565929294,2.0,5.05
1.479112115212876,1.99,5.06
1.482547962996093,1.98,5.07
1.4859312857867977,1.97,5.08
1.4892648355868692,1.96,5.09
1.492551240004565,1.95,5.1
1.4957930110131237,1.93,5.11
1.4989925530813957,1.92,5.12
1.5021521707326966,1.9,5.13
1.5052740755827358,1.89,5.14
1.508360392902756,1.87,5.16
1.51141316774976,1.85,5.17
1.514434370701942,1.85,5.19
1.5174259032340387,1.83,5.2
1.5203896027643053,1.82,5.21
1.5233272474021056,1.82,5.21
1.5262405604226834,1.81,5.23
1.529131214493515,1.79,5.23
1.5320008356746964,1.78,5.24
1.5348510072140829,1.77,5.27
1.5376832731563441,1.74,5.29
1.540499141783708,1.73,5.3
1.5433000889049302,1.72,5.31
1.546087561007925,1.71,5.32
1.5488629782905146,1.7,5.33
1.551627737582891,1.68,5.34
1.5543832151746282,1.66,5.35
1.5571307695584167,1.64,5.36
1.5598717441021224,1.63,5.37
1.5626074696602827,1.62,5.39
1.5653392671357407,1.6,5.4
1.5680684500017852,1.6,5.42
1.5707963267948966,1.57,5.44
1.5735242035880082,1.56,5.45
1.5762533864540524,1.54,5.47
1.5789851839295106,1.54,5.48
1.5817209094876707,1.53,5.51
1.5844618840313767,1.52,5.55
1.587209438415165,1.51,5.57
1.5899649160069023,1.49,5.59
1.5927296752992786,1.48,5.6
1.5955050925818683,1.46,5.61
1.5982925646848631,1.44,5.62
1.6010935118060854,1.43,5.63
1.6039093804334492,1.41,5.64
1.6067416463757105,1.4,5.65
1.609591817915097,1.38,5.67
1.6124614390962781,1.37,5.7
1.6153520931671097,1.36,5.72
1.6182654061876878,1.34,5.73
1.621203050825488,1.32,5.76
1.6241667503557546,1.29,5.77
1.6271582828878512,1.28,5.79
1.6301794858400331,1.27,5.8
1.6332322606870373,1.26,5.85
1.6363185780070573,1.24,5.86
1.6394404828570968,1.23,5.88
1.6426001005083974,1.21,5.9
1.6457996425766697,1.21,5.94
1.649041413585228,1.2,5.96
1.6523278180029242,1.17,5.98
1.6556613678029954,1.16,6.0
1.6590446905937002,1.14,6.02
1.6624805383769172,1.13,6.04
1.6659717969968637,1.12,6.07
1.6695214963477902,1.11,6.11
1.673132821417044,1.1,6.13
1.6768091242483953,1.09,6.16
1.6805539369200864,1.08,6.2
1.6843709856428681,1.06,6.22
1.6882642060955093,1.05,6.23
1.692237760129074,1.03,6.26
1.6962960539869367,1.0,6.3
1.7004437582052718,0.98,6.33
1.7046858293789586,0.97,6.36
1.7090275340008296,0.96,6.39
1.7134744746083963,0.95,6.45
1.7180326185020856,0.93,6.47
1.7227083293332124,0.91,6.48
1.7275084018990492,0.9,6.57
1.7324401005272243,0.88,6.58
1.7375112014832037,0.87,6.59
1.7427300398938625,0.86,6.61
1.7481055617483896,0.84,6.65
1.7536473816164568,0.81,6.69,6.76,6.78
1.7593658468144904,0.77,6.72,6.73,6.8
1.7652721088559795,0.76,6.82
1.7713782031434995,0.74,6.84
1.7776971380012496,0.73,6.86
1.784242994310717,0.71,6.93
1.79103103720239,0.7,6.98
1.798077841477733,0.68,7.03
1.8054014326930456,0.67,7.06
1.8130214461364178,0.65,7.12
1.8209593062775458,0.63,7.16
1.8292384296755704,0.62,7.2,7.21,7.22
1.8378844548010225,0.6,7.27
1.8469255027740261,0.59,7.31
1.8563924736523107,0.58,7.35,7.37,7.38
1.8663193836296488,0.56,7.41
1.8767437493376735,0.55,7.48
1.887707026389054,0.54,7.54
1.8992551103604212,0.52,7.6
1.9114389095834916,0.5,7.63
1.924315000372015,0.49,7.71
1.9379463766157228,0.48,7.76
1.952403306936727,0.46,7.82
1.967764313683775,0.45,7.87
1.9841172886951515,0.43,7.94
2.001560760605811,0.42,8.02
2.0202053269014275,0.4,8.05
2.0401752599937097,0.39,8.17
2.0616102888813304,0.38,8.19
2.0846675443332177,0.37,8.23
2.109523632841894,0.35,8.31
2.136376768311199,0.33,8.37,8.41,8.44
2.1654488342091844,0.32,8.48
2.196987164163712,0.31,8.52
2.2312657048356725,0.3,8.61
2.268585048972369,0.28,8.68
2.3092705875982817,0.27,8.71
2.3536677248190268,0.26,8.77
2.4021327440430094,0.25,8.86
2.455017571864459,0.24,8.89
2.5126464949418548,0.24,8.95
2.575283102113553,0.23,9.04
2.643086736459092,0.23,9.07
2.7160599990275363,0.21,9.1
2.7939926107988473,0.21,9.13
2.8764118140761363,0.2,9.15,9.17,9.18,9.2,9.21
2.962553873903746,0.2,9.19,9.2,9.22
3.0513722470309848,0.2,9.23
